10000
-999964
-999601
-999593
-999472
-999286
-998924
-998765
-998392
-997449
-997271
-997158
-996963
-996670
-996655
-996626
-996589
-996423
-996410
-996144
-995933
-995896
-995805
-995800
-995354
-995002
-994952
-994465
-994317
-994234
-993891
-993542
-993472
-993463
-993326
-992928
-991906
-991833
-991641
-991578
-991504
-991390
-991299
-991299
-991160
-990997
-990968
-990760
-990604
-990343
-990319
-990292
-990222
-990118
-990050
-990010
-989979
-989623
-989402
-989358
-988954
-988809
-988481
-987866
-987442
-987332
-986997
-986604
-986510
-985885
-985769
-985295
-985289
-985256
-985131
-985079
-985070
-984849
-984615
-984437
-984138
-983673
-983279
-983251
-983216
-983003
-982861
-982388
-982208
-982001
-981895
-981890
-981822
-981780
-981593
-981560
-981244
-981092
-980726
-980488
-980210
-980208
-980059
-979519
-979464
-979391
-979173
-979071
-978846
-978773
-978698
-978621
-978447
-978443
-978369
-978254
-978165
-978153
-978141
-977752
-976901
-976870
-976373
-976358
-976264
-976091
-975808
-975740
-975670
-975310
-975139
-974824
-974640
-974565
-973923
-973473
-973440
-973381
-973191
-973112
-972927
-972491
-971879
-971626
-971429
-971424
-971262
-971248
-971135
-970913
-970725
-970489
-970181
-969985
-969655
-969530
-969440
-969206
-969122
-969099
-968903
-968789
-968700
-968691
-968492
-968474
-968446
-968405
-968094
-968025
-967989
-967747
-966820
-966710
-966651
-966558
-966305
-965390
-964793
-964762
-964336
-964200
-963490
-962961
-962912
-962690
-962641
-962565
-962525
-962403
-962331
-962294
-962189
-962164
-962125
-961939
-961899
-961813
-961541
-961203
-961031
-960952
-960858
-960255
-960253
-960029
-960014
-959921
-959856
-959678
-959629
-959524
-959266
-958861
-958217
-957571
-957393
-957000
-956808
-956717
-956716
-956538
-956339
-955880
-955776
-955570
-955569
-955384
-955029
-954950
-954839
-954693
-954652
-954244
-954067
-954012
-953661
-953571
-953546
-953117
-952987
-952905
-952828
-952669
-952666
-952190
-951890
-951455
-951393
-951249
-951080
-950965
-950808
-950665
-950423
-950421
-950108
-950026
-949788
-949715
-949689
-949485
-949480
-949478
-949364
-949271
-949086
-949032
-948894
-948644
-948640
-948401
-948287
-948057
-948005
-947770
-947752
-947579
-947540
-947539
-947318
-947259
-947252
-947178
-947164
-947109
-947046
-946769
-946536
-946360
-946148
-945969
-945760
-945337
-945304
-944932
-944717
-944378
-944355
-944286
-944182
-943876
-943820
-943430
-943184
-942837
-942484
-942163
-942123
-941996
-941978
-941542
-941501
-941170
-941139
-940648
-940563
-940543
-940335
-940240
-940220
-940013
-939956
-939886
-939717
-939480
-939325
-939104
-939077
-939013
-938872
-938835
-938689
-938411
-938348
-938322
-937960
-937666
-937500
-937474
-937379
-937241
-936924
-936481
-936122
-935911
-935799
-935797
-935454
-935219
-935022
-934073
-933764
-933488
-933450
-933134
-932887
-932805
-932640
-931512
-931284
-930947
-930791
-930585
-930366
-930362
-930228
-930170
-930159
-929821
-929142
-929122
-929071
-929048
-929029
-929020
-928987
-928726
-928590
-928391
-928278
-927994
-927333
-927159
-927102
-926783
-926692
-926122
-925861
-925777
-925073
-924146
-924059
-923996
-923650
-923624
-923588
-923424
-923406
-922220
-921419
-921292
-921184
-920989
-920501
-920371
-919981
-919765
-919372
-918898
-918791
-918777
-918707
-918538
-918527
-918410
-918243
-918075
-917959
-917926
-917864
-917839
-917727
-917637
-917145
-917105
-916946
-916940
-916926
-916648
-916500
-916433
-916239
-916227
-915921
-915881
-915686
-915670
-915558
-915383
-915261
-915244
-915213
-915007
-914407
-914285
-914085
-914080
-914017
-913980
-913207
-912544
-912457
-912379
-912271
-912261
-912119
-912038
-911260
-911246
-911102
-910934
-910597
-910565
-910478
-910430
-910371
-910116
-910066
-909931
-909682
-909466
-908744
-908111
-908044
-907645
-907020
-906998
-906218
-906062
-905910
-905887
-905801
-905780
-905746
-905650
-905521
-905497
-905413
-905364
-905061
-904731
-904163
-903419
-903286
-903124
-903100
-903026
-902983
-902815
-902602
-902340
-902336
-902213
-901880
-901871
-901841
-900628
-900508
-900201
-899977
-899957
-899327
-899225
-899063
-899001
-898911
-898169
-897367
-897336
-897118
-896734
-896541
-896117
-895805
-895704
-895580
-895571
-895363
-895111
-894683
-894545
-894285
-893986
-893974
-893699
-893607
-893557
-893340
-893106
-892837
-892817
-892733
-892638
-892516
-892469
-892153
-892151
-891912
-891474
-891441
-891378
-891067
-891029
-890937
-890734
-890685
-890612
-890546
-890497
-890060
-889999
-889998
-889878
-889854
-889825
-889758
-889449
-889446
-889376
-889353
-889104
-888634
-888524
-888501
-888271
-888123
-887806
-887802
-887753
-887732
-886808
-886519
-886302
-886004
-885707
-885698
-885246
-885176
-885174
-884772
-884745
-884444
-884082
-883742
-883659
-883418
-883315
-882825
-882781
-882690
-882601
-882446
-882275
-882245
-881891
-881767
-881650
-881529
-880816
-880269
-880252
-880100
-879649
-879478
-879430
-879283
-879185
-879068
-879043
-878905
-878761
-878675
-878620
-877761
-877373
-877270
-877198
-876707
-876343
-875350
-875310
-875107
-875047
-874977
-874727
-874683
-874538
-874070
-873743
-873286
-873097
-873054
-873031
-873018
-872975
-872819
-872632
-872598
-872374
-872184
-872122
-872030
-871666
-870880
-870673
-870574
-870326
-870177
-870065
-869762
-869643
-869472
-869303
-868789
-868552
-868531
-868494
-868368
-868295
-868183
-868064
-867989
-867816
-867703
-867521
-867487
-866987
-866908
-866565
-866317
-866135
-866094
-866063
-865912
-865803
-865750
-865738
-865394
-865310
-865156
-864718
-864505
-864329
-864304
-864103
-864044
-863566
-862773
-862765
-862591
-862511
-862493
-862319
-862285
-861986
-861920
-861863
-861852
-861292
-861247
-860974
-860748
-860741
-860575
-859945
-859433
-859385
-859288
-859143
-859045
-858498
-858493
-858353
-858042
-857314
-857165
-856915
-856596
-856389
-856154
-855940
-855718
-855534
-855516
-855342
-855198
-855056
-854490
-854404
-853823
-853799
-853738
-853599
-853317
-853086
-852788
-852776
-852352
-851889
-851765
-851705
-851640
-851532
-851233
-850712
-850124
-849970
-849708
-849419
-849261
-849232
-849014
-848647
-848607
-848237
-848127
-847900
-847713
-847514
-847441
-847246
-847192
-846559
-846542
-846475
-846367
-846282
-846278
-846139
-845921
-845094
-844994
-844586
-844340
-844250
-844143
-844139
-843486
-843454
-843122
-843120
-843063
-843054
-842761
-842712
-842531
-842053
-841621
-840817
-840758
-840702
-840087
-839714
-839452
-839336
-839325
-838962
-838931
-838362
-838310
-837761
-837186
-837039
-837026
-836802
-836547
-836362
-836134
-835874
-835741
-835500
-835436
-835366
-835256
-835074
-835037
-834832
-834440
-834281
-834246
-833765
-833589
-832875
-832812
-832775
-832277
-831911
-831617
-831518
-831383
-830641
-830555
-830451
-830351
-830343
-829874
-829863
-829484
-829456
-829424
-829385
-829291
-829095
-828920
-828604
-828205
-827300
-827189
-826912
-826675
-826558
-826527
-826314
-825822
-825374
-824333
-824184
-823776
-823311
-823157
-822981
-822603
-821933
-821894
-821870
-821801
-821316
-821250
-820668
-820401
-820298
-820126
-820111
-819819
-819440
-818839
-818261
-818174
-818012
-817366
-817301
-816914
-816910
-816795
-816342
-816081
-816035
-815925
-815912
-815838
-815764
-815728
-815595
-815494
-815374
-815292
-815235
-815174
-814807
-814799
-814776
-814731
-814532
-814527
-814343
-814253
-814202
-814147
-814078
-813694
-813606
-813522
-813419
-813033
-812929
-812887
-812682
-812539
-812097
-811977
-811817
-811177
-810738
-810667
-810390
-810251
-810228
-810021
-809604
-809444
-808905
-808553
-808226
-807804
-807618
-807548
-807076
-806801
-806599
-806533
-806450
-806300
-806282
-805895
-805792
-805354
-804754
-804741
-804546
-804180
-804148
-804016
-803535
-803448
-803357
-803324
-803310
-803303
-802777
-802481
-801657
-801466
-801233
-801093
-801017
-800707
-800525
-800288
-800255
-800064
-799878
-799832
-799270
-799220
-799146
-798910
-798905
-798546
-798217
-798061
-798004
-797385
-797157
-797110
-796915
-796683
-796504
-796477
-796057
-796057
-795772
-795466
-795411
-794866
-794791
-794763
-794410
-794216
-794107
-793865
-793593
-793469
-793274
-793085
-792949
-792689
-792372
-792341
-792324
-792171
-792170
-791563
-791131
-791070
-790933
-790198
-790162
-790072
-789643
-789624
-789594
-789583
-789451
-788800
-788480
-788262
-788164
-787887
-787818
-787797
-787589
-787175
-786645
-786530
-786499
-786491
-786458
-786214
-786170
-785815
-785680
-785540
-785418
-785399
-785244
-785148
-784995
-784350
-784288
-784259
-783980
-783880
-783803
-783628
-783151
-783051
-782844
-782831
-782580
-782373
-782348
-782128
-781980
-781832
-781816
-781780
-781714
-781550
-781389
-781239
-780814
-780733
-780704
-780587
-780436
-780379
-780059
-779936
-779899
-779699
-779650
-779598
-779318
-778951
-778758
-778037
-777835
-777455
-777395
-777234
-777207
-777176
-777098
-776857
-776688
-776401
-775949
-775527
-775473
-775246
-775217
-775033
-775031
-774810
-774754
-774637
-774627
-774604
-774529
-774492
-774406
-773918
-773627
-773525
-773469
-772847
-772526
-772519
-772081
-771559
-771330
-771225
-770702
-770303
-770113
-770034
-770023
-769829
-769823
-769739
-769700
-769663
-769583
-769363
-769272
-769194
-769052
-768778
-768608
-768490
-768380
-768038
-767833
-767740
-767497
-767420
-767215
-767164
-766856
-766569
-766558
-766491
-766317
-765475
-765402
-764926
-764900
-764638
-764404
-764366
-764018
-763507
-763368
-763207
-762976
-762828
-762768
-762532
-762428
-762136
-762061
-761851
-761572
-761456
-761147
-761145
-760924
-760658
-760145
-760048
-759840
-759778
-759688
-759476
-759447
-759424
-759405
-759208
-759108
-759017
-758692
-758315
-758095
-757946
-757929
-757863
-757197
-756664
-756384
-756383
-756087
-756068
-755734
-755402
-754881
-754866
-754679
-754547
-754544
-754514
-754300
-753603
-753145
-752857
-752574
-752571
-751600
-751215
-750936
-750537
-750215
-750034
-749858
-749818
-749787
-749769
-749259
-749176
-748926
-748795
-748605
-748487
-748467
-748463
-747932
-747841
-747737
-747669
-747214
-747206
-746815
-746541
-746221
-745958
-745844
-745451
-745390
-745212
-745148
-744995
-744782
-744679
-744407
-743940
-743800
-743338
-743304
-743271
-742841
-742782
-742735
-742366
-742233
-742173
-742077
-741881
-741548
-741389
-741166
-741049
-740899
-740547
-740496
-739584
-739504
-738708
-738645
-738414
-738242
-738061
-738047
-738034
-737438
-737423
-737407
-737184
-737122
-737023
-736790
-736785
-736426
-736348
-736306
-736110
-735931
-735925
-735466
-735383
-735359
-735057
-735017
-734820
-734506
-734407
-733922
-733888
-733652
-733547
-733171
-733137
-733079
-732737
-732635
-732526
-732403
-732346
-732178
-732074
-731960
-731876
-731863
-731844
-731801
-731585
-731447
-731269
-731233
-730977
-730711
-730615
-730502
-730447
-729949
-729791
-729142
-729118
-728874
-728604
-728313
-728007
-728002
-727972
-727416
-727063
-726968
-726933
-726903
-726845
-726703
-726667
-726265
-726169
-726135
-726128
-726025
-725499
-725006
-724704
-724513
-724488
-724214
-724108
-723838
-723290
-722999
-722614
-722599
-722324
-722120
-722028
-721819
-721798
-721694
-721425
-721421
-721391
-721233
-721204
-721075
-720820
-720547
-720178
-719888
-719879
-719664
-719269
-719158
-719146
-719003
-718795
-718786
-718780
-718349
-718315
-718186
-717959
-717911
-717525
-717314
-717269
-717218
-717065
-716684
-716420
-716336
-715990
-715966
-715938
-715742
-715686
-715407
-715166
-714936
-714849
-714695
-714625
-714617
-714557
-714292
-714073
-713872
-713744
-713310
-713186
-712816
-712660
-712514
-712245
-712242
-712201
-711826
-711750
-711423
-711104
-711011
-710919
-710522
-710499
-710384
-710206
-709686
-709563
-709471
-709460
-709260
-709018
-708838
-708796
-708343
-708245
-708034
-707927
-707896
-707827
-707659
-707631
-707391
-707235
-707123
-707112
-707041
-706647
-706496
-706464
-706395
-706290
-706199
-706158
-705592
-705551
-705196
-705148
-705077
-704448
-704389
-704300
-703992
-703432
-703377
-703270
-703079
-703059
-702945
-702629
-702590
-702482
-702373
-701839
-701816
-701606
-701104
-700901
-700741
-700435
-700294
-700185
-699051
-699041
-698498
-698432
-698293
-698019
-697654
-697458
-697435
-697404
-697403
-697245
-697175
-697026
-696880
-696687
-696676
-696460
-696298
-696265
-696222
-696094
-695815
-695725
-695385
-695107
-694285
-694047
-693969
-693643
-693180
-693039
-692873
-692852
-692567
-691919
-691567
-691405
-691188
-691158
-691141
-691135
-691074
-690608
-690262
-689730
-689701
-689539
-688837
-688651
-688472
-687891
-687429
-687369
-687042
-687009
-686936
-686908
-686752
-686456
-686399
-686294
-685768
-685561
-685467
-685424
-684907
-684781
-684748
-684617
-684477
-684417
-684319
-684127
-683753
-683400
-683257
-682678
-682634
-682469
-682234
-681996
-681940
-681742
-681729
-681621
-681319
-681298
-680674
-680121
-679950
-679877
-679809
-679573
-679148
-679079
-679018
-678861
-678689
-678182
-678139
-677910
-677790
-677672
-677583
-677457
-677134
-676989
-676857
-676841
-676733
-676173
-676037
-675718
-675643
-675610
-675515
-675184
-674949
-674910
-674908
-674786
-674369
-673924
-673900
-673790
-673434
-673422
-673382
-673262
-673240
-673139
-673115
-673038
-672814
-672606
-672072
-672006
-671906
-670858
-670728
-670556
-670200
-670166
-670059
-669970
-669921
-669644
-669633
-669588
-669482
-668572
-668548
-668519
-668188
-667890
-667875
-667803
-667611
-667154
-666649
-666561
-666223
-666143
-665974
-664814
-664781
-664427
-664232
-663934
-663646
-663587
-663332
-663169
-662840
-662515
-662257
-662188
-661783
-661638
-661408
-661202
-661118
-660751
-660662
-660640
-660437
-660406
-660292
-660082
-659738
-659623
-659619
-659609
-659578
-659261
-659112
-658422
-658338
-657908
-657341
-657246
-657212
-657062
-656911
-656746
-656626
-656252
-656023
-655697
-655688
-655403
-654814
-654742
-654354
-654332
-654145
-654116
-653984
-653924
-653887
-653520
-653517
-653238
-653090
-652997
-652773
-652700
-652061
-651769
-651471
-651407
-651392
-651388
-651096
-650619
-650607
-650070
-649796
-649417
-649402
-649307
-649281
-648963
-648887
-648870
-648700
-648465
-648140
-648126
-647982
-647723
-647464
-647432
-647031
-646900
-646684
-646640
-646524
-646145
-646048
-646011
-645998
-645590
-645464
-645405
-645105
-645042
-644998
-644692
-644240
-644108
-643915
-643887
-643795
-643763
-643732
-643317
-642753
-642661
-642565
-641833
-641715
-641613
-641606
-641511
-641457
-641257
-641227
-640941
-640896
-640749
-640586
-640143
-640054
-639899
-639223
-639192
-639081
-638957
-638913
-638778
-638778
-638670
-638556
-638428
-638073
-637358
-637124
-636801
-636602
-636101
-635964
-635331
-635054
-635005
-634645
-634523
-634410
-634331
-634123
-634113
-633435
-633419
-633376
-633325
-632704
-632268
-632233
-631926
-631805
-631785
-631674
-631565
-631473
-631410
-631338
-631316
-631286
-631184
-630900
-630523
-630497
-630194
-630161
-629608
-629285
-629108
-628795
-628537
-628386
-628218
-628216
-627960
-627872
-627798
-627630
-627580
-627492
-627409
-627287
-626381
-626296
-626180
-625992
-625909
-625695
-625267
-625189
-625176
-624511
-624322
-623748
-623594
-623022
-623010
-622969
-622898
-622873
-622782
-622488
-622391
-622260
-621128
-620884
-620765
-620726
-620369
-620299
-620165
-620153
-619812
-619715
-619624
-619559
-619160
-619091
-618548
-618410
-618246
-617972
-617756
-617668
-617557
-617382
-617057
-616595
-616229
-615789
-615333
-614976
-614943
-614787
-614720
-614526
-614448
-614399
-614266
-614159
-614134
-613954
-613762
-613643
-613435
-613395
-613325
-613175
-612609
-612507
-612483
-611395
-611386
-611369
-611294
-611254
-611026
-610468
-610197
-610159
-610155
-609925
-609591
-609583
-608937
-608871
-608703
-608350
-607916
-607492
-607393
-607333
-607227
-606920
-606895
-606836
-606530
-606057
-605807
-605714
-605482
-605438
-605260
-605254
-605220
-604950
-604934
-604861
-604830
-604760
-604601
-604413
-604211
-604163
-604002
-603910
-603794
-603537
-603294
-603268
-603256
-603215
-602830
-602747
-602738
-602230
-602098
-601957
-601839
-601461
-601440
-601197
-601177
-600982
-600305
-600208
-600084
-599460
-599078
-599065
-598966
-598709
-598224
-598083
-597466
-597430
-597197
-597094
-597061
-596719
-596686
-596649
-596391
-596165
-596113
-596006
-595819
-595750
-595447
-595397
-595308
-594953
-594402
-594141
-594082
-594058
-593986
-593888
-593867
-593700
-593302
-593290
-592886
-592717
-592578
-591781
-591772
-591442
-591337
-591328
-591297
-591214
-591055
-590724
-590687
-590577
-590423
-590190
-590188
-589998
-589969
-589256
-588914
-588831
-588755
-588508
-588498
-587836
-587811
-587645
-587532
-587454
-587243
-587138
-586583
-586467
-586170
-585991
-585867
-585761
-585639
-585618
-585423
-585024
-584717
-584618
-584273
-584078
-583446
-583381
-583046
-582547
-582517
-582468
-582411
-582247
-582217
-581918
-581904
-581766
-581350
-581258
-581093
-580915
-580901
-580871
-580794
-580477
-580330
-580153
-579484
-579455
-579411
-579409
-579380
-579062
-578989
-578949
-578773
-578651
-577783
-577729
-577496
-577329
-577257
-576846
-576812
-576373
-576198
-574499
-574484
-574364
-574220
-574187
-573651
-573568
-573501
-573230
-573058
-572945
-572927
-572665
-572635
-572576
-572487
-572237
-572169
-571810
-571679
-571576
-571507
-571490
-570958
-569938
-569752
-569365
-569151
-568975
-568896
-568814
-568777
-568761
-568459
-568358
-568229
-568095
-567365
-567253
-567173
-566727
-566678
-566527
-566242
-566184
-566067
-566007
-565804
-565793
-565630
-565494
-565138
-565032
-564946
-564862
-564815
-564507
-564415
-564403
-564264
-564185
-564118
-563603
-563247
-563119
-562398
-562395
-561761
-561508
-561234
-561227
-561113
-561018
-560983
-560803
-560422
-560116
-559763
-559710
-559526
-559320
-558433
-558178
-558111
-557962
-557751
-557543
-557238
-557178
-556786
-556175
-556083
-556078
-555891
-555777
-555568
-555549
-555488
-555136
-554713
-554650
-554647
-554636
-554585
-554396
-554327
-554266
-554256
-553652
-553282
-553257
-553119
-553069
-552855
-552702
-552681
-552599
-552466
-552405
-551869
-551844
-551350
-551255
-551096
-550937
-550569
-550454
-550328
-550318
-550290
-550107
-549911
-549537
-549405
-549203
-549191
-549164
-548953
-548749
-548382
-547625
-547469
-547427
-546950
-546788
-546728
-546266
-546251
-546238
-546020
-545912
-545667
-545628
-545114
-544757
-544657
-544649
-544602
-544461
-544301
-544006
-543997
-543942
-543749
-543668
-543450
-542762
-542552
-542306
-542161
-542053
-541945
-541907
-541690
-541667
-541609
-541608
-541117
-541077
-541073
-541065
-540698
-540605
-540434
-540407
-540304
-540285
-540050
-539821
-539623
-539492
-539030
-538978
-538554
-538185
-538145
-538085
-538038
-537989
-537955
-537569
-537416
-537197
-536695
-536401
-536121
-535783
-535428
-535212
-534756
-534603
-534591
-534222
-534085
-533804
-533427
-533090
-533056
-533008
-532997
-532907
-532781
-532576
-532422
-531994
-531673
-530559
-530255
-530241
-530215
-530132
-529723
-529618
-529000
-528871
-528763
-528647
-527711
-527441
-527307
-527047
-526935
-526913
-526908
-526634
-526505
-526476
-526405
-526327
-526326
-525973
-525936
-525906
-525906
-525798
-525734
-525165
-525107
-524964
-524887
-524671
-524605
-524471
-524185
-524135
-524114
-523178
-522908
-522821
-522576
-522373
-521523
-521356
-520900
-520689
-520615
-520569
-520514
-520503
-520483
-520327
-520176
-520175
-520082
-519704
-519645
-519519
-519428
-519317
-518967
-518650
-518573
-518454
-518339
-518247
-518158
-517914
-517772
-517573
-517429
-517293
-517008
-516966
-516874
-516827
-516766
-516470
-516288
-516166
-515979
-515875
-515491
-515485
-515353
-514855
-514626
-514617
-514465
-514337
-514274
-513862
-513419
-513403
-513394
-513295
-513284
-513270
-513146
-513099
-513098
-512643
-512443
-512403
-512249
-512058
-512014
-511983
-511687
-511475
-511470
-511110
-511052
-511042
-510991
-510784
-510697
-510551
-510519
-510505
-510462
-510343
-510216
-510032
-509987
-509867
-509626
-509380
-508794
-508571
-508437
-508208
-508201
-508084
-507904
-507802
-507511
-507071
-507043
-506717
-506452
-505691
-505516
-505503
-505442
-505413
-505304
-505033
-504596
-504508
-504404
-504341
-504271
-504234
-504039
-503897
-503894
-503858
-503669
-503546
-503467
-502909
-502885
-502878
-502720
-502643
-502519
-502354
-502255
-502037
-501807
-501533
-501274
-501104
-501089
-501079
-500983
-500450
-499798
-499476
-499258
-499228
-499092
-498942
-498758
-498676
-498664
-498597
-498583
-498466
-497982
-497569
-497432
-496809
-496766
-496645
-496629
-496587
-496540
-496393
-496152
-496067
-495823
-495796
-495469
-495422
-495131
-494846
-494274
-494046
-493734
-493719
-493685
-493581
-493394
-492853
-492735
-492696
-492627
-492518
-492458
-492277
-492191
-492078
-492042
-492033
-491916
-490895
-490441
-490374
-490191
-489946
-489789
-489257
-489243
-488744
-488663
-488576
-487876
-487365
-487186
-487038
-486855
-486638
-486307
-486149
-485285
-485164
-485153
-485033
-484814
-484761
-484356
-484150
-484135
-483936
-483608
-483452
-483029
-482580
-482264
-482138
-482091
-481577
-481567
-481510
-481438
-481261
-481258
-481109
-481050
-481002
-480931
-480311
-479888
-479840
-479643
-479160
-479148
-479046
-478968
-478913
-478772
-478295
-478091
-477896
-477766
-477708
-477661
-477148
-476778
-476131
-476098
-475999
-475960
-475935
-475895
-475821
-475730
-475719
-475681
-475476
-475312
-475258
-475220
-475074
-475044
-474632
-474336
-474287
-473705
-473481
-473057
-472790
-472609
-471554
-471526
-471458
-471279
-471075
-471022
-470999
-470989
-470782
-470771
-470614
-470390
-469996
-469047
-468973
-468713
-468459
-468435
-468394
-467918
-467894
-467803
-467761
-467479
-467465
-467303
-467268
-467150
-466703
-466509
-466395
-466123
-465853
-465782
-465653
-465618
-465496
-465168
-465061
-464851
-464623
-464536
-463926
-463515
-463421
-463289
-462520
-462184
-461953
-461934
-461788
-461455
-461354
-461286
-461143
-460999
-460983
-460774
-460415
-460264
-460163
-459838
-459831
-459651
-459146
-458969
-458952
-458719
-458600
-458352
-457908
-457773
-457648
-457481
-457281
-457060
-456157
-455546
-455466
-455363
-455334
-454770
-454675
-454649
-454305
-453746
-453324
-453312
-453150
-452791
-452264
-452153
-452070
-451951
-451884
-451597
-451554
-451241
-451002
-450905
-450793
-450401
-450394
-450063
-449829
-449633
-449417
-449074
-448677
-448490
-448426
-448357
-448283
-448126
-448073
-448071
-448060
-447604
-447498
-447436
-447061
-447056
-447016
-446797
-446533
-446458
-446351
-446128
-445763
-445752
-445560
-445371
-445354
-445135
-445126
-444874
-444856
-444491
-444336
-443882
-443634
-443499
-443483
-443394
-443319
-442852
-442504
-441778
-441365
-441313
-441169
-440971
-440911
-440882
-440559
-440527
-440297
-439642
-439588
-439358
-439161
-439114
-439071
-439060
-438581
-438551
-438535
-438464
-438261
-438213
-437982
-437747
-437726
-437613
-437387
-436698
-436606
-436563
-436226
-435977
-435953
-435942
-435688
-435190
-434883
-434864
-434725
-434698
-434654
-433833
-433645
-433489
-433449
-433389
-433162
-433016
-432818
-432813
-432778
-432614
-432341
-432323
-432145
-432071
-431728
-431591
-431578
-431354
-431251
-431161
-431131
-430939
-430876
-429743
-429469
-429375
-429146
-429051
-429046
-429020
-428686
-427788
-427566
-427539
-427314
-426293
-426025
-425773
-425598
-425369
-425354
-425251
-424844
-424487
-424356
-424263
-423985
-423954
-422728
-422364
-422258
-422035
-421718
-421676
-421505
-421057
-421055
-420767
-420766
-420577
-420178
-420062
-419684
-419561
-419218
-418950
-418644
-418431
-417950
-417758
-417747
-417685
-417603
-417588
-417548
-417537
-417240
-416978
-416934
-416667
-416591
-416501
-416358
-415988
-415860
-415532
-414493
-414079
-413962
-413730
-413503
-413248
-413037
-412601
-412552
-412231
-411263
-411172
-411147
-410791
-410516
-410390
-409956
-409796
-409510
-409435
-409310
-408898
-408428
-408280
-408261
-407101
-406966
-406549
-406386
-406350
-406256
-406247
-405884
-405847
-405837
-405598
-405424
-405359
-405087
-404623
-404601
-404546
-404529
-404496
-404395
-404257
-404074
-403917
-403707
-403572
-403492
-403152
-402821
-402680
-402588
-402426
-401580
-401453
-401395
-401239
-401036
-400548
-400328
-400226
-400192
-400121
-400060
-399855
-399799
-399749
-399727
-399591
-399586
-399235
-399121
-398832
-398543
-398472
-398164
-398037
-397792
-397332
-397299
-397210
-396862
-396588
-396586
-396213
-396141
-395871
-395827
-395458
-395286
-395072
-394939
-394857
-394805
-394756
-393848
-393782
-393487
-393267
-393234
-393126
-392681
-392136
-391916
-391665
-391586
-391391
-391313
-391259
-390900
-390839
-390765
-390369
-389998
-389952
-389903
-389784
-389691
-389618
-389406
-389307
-389231
-389055
-387548
-387444
-387399
-387371
-387346
-386688
-386649
-386066
-385856
-385850
-385543
-385463
-385305
-385216
-385012
-384658
-384646
-384498
-384450
-384446
-384361
-384253
-384119
-383457
-383449
-383271
-382904
-382897
-382848
-382811
-382552
-382358
-382063
-381786
-381562
-381528
-381362
-381326
-381176
-381156
-380957
-380948
-380795
-380712
-380660
-380445
-380411
-380266
-380159
-380023
-379489
-379282
-379261
-378648
-378470
-377901
-377817
-377242
-376613
-376566
-376517
-376471
-376222
-376074
-376014
-375780
-375611
-375186
-375111
-374958
-374921
-373830
-373616
-373082
-372884
-372861
-372844
-372785
-372782
-372775
-372492
-371917
-371879
-371493
-371381
-371309
-371092
-371054
-371020
-370992
-370862
-370765
-370333
-370027
-369145
-369069
-368992
-368885
-368801
-367983
-367972
-367416
-367201
-367102
-367058
-366657
-366629
-366199
-365704
-365454
-365359
-365212
-365092
-364963
-364707
-364544
-364438
-363964
-363708
-363579
-363232
-363039
-362871
-362815
-362542
-362461
-362342
-361660
-361592
-361567
-361505
-361259
-360838
-360737
-360692
-360157
-360056
-360014
-359878
-359694
-359404
-358777
-358552
-358471
-358435
-357720
-357578
-357298
-357039
-356972
-356798
-356438
-356027
-355196
-354396
-354353
-354295
-354097
-354015
-353974
-353837
-353764
-353627
-353572
-352520
-352383
-352060
-351958
-351848
-351173
-351147
-350782
-350592
-350562
-350388
-350349
-350305
-350236
-350187
-349915
-349786
-349564
-349463
-349336
-349152
-348906
-348876
-348809
-348484
-348343
-348229
-348170
-348127
-348084
-347979
-347682
-347523
-346670
-346626
-346595
-346385
-346307
-346141
-346138
-345335
-345031
-344586
-344398
-344034
-343665
-343352
-343308
-343210
-342834
-342346
-342298
-342292
-342181
-342109
-341910
-341756
-341584
-341568
-341360
-341293
-341265
-341180
-340355
-340229
-340202
-340196
-339864
-339724
-339575
-339121
-339110
-338807
-338455
-338224
-338222
-337963
-337727
-337552
-337551
-337465
-337271
-337205
-337148
-337108
-337003
-336847
-336733
-336315
-336277
-335913
-335675
-335318
-335111
-335017
-334545
-334538
-334120
-334119
-334033
-333762
-333705
-333649
-333383
-333251
-333075
-333004
-332996
-332786
-332646
-332349
-332342
-331973
-331916
-331679
-331625
-331073
-331060
-331024
-330902
-330772
-330728
-330534
-330188
-329930
-329753
-329687
-329492
-329326
-329278
-328983
-328960
-328870
-328869
-328581
-328505
-328418
-327506
-327435
-327347
-327216
-327188
-326898
-326457
-325290
-325225
-325153
-325114
-324683
-324558
-324554
-324375
-324307
-324299
-324214
-323928
-323905
-323850
-323719
-323405
-323336
-323164
-322923
-322920
-322778
-322734
-322693
-322494
-321884
-321517
-321108
-320828
-320523
-320456
-320265
-320260
-320168
-319511
-319485
-319479
-319282
-319097
-319006
-318919
-318837
-318357
-317899
-316941
-316835
-316833
-316784
-316619
-316326
-316264
-316075
-315817
-315767
-315762
-315377
-315319
-315239
-315132
-315063
-314987
-314901
-314806
-314774
-314485
-314422
-314062
-313925
-313881
-313864
-313811
-313686
-313484
-312085
-311989
-311713
-311503
-311441
-311326
-311288
-311088
-310960
-310712
-310370
-310192
-309960
-309870
-309787
-309630
-309556
-309531
-309525
-309447
-309126
-309092
-309090
-308634
-308600
-308570
-307598
-306975
-306827
-306699
-306699
-306534
-306364
-306302
-305876
-305648
-305333
-305300
-305289
-305233
-305209
-305194
-305141
-304987
-304639
-304585
-304203
-304155
-303844
-303668
-303569
-303457
-302827
-302797
-302716
-302493
-302356
-301512
-301355
-301347
-301284
-301076
-300820
-300649
-300382
-299977
-299954
-299774
-299727
-299553
-298938
-298850
-298708
-298585
-298084
-297909
-297753
-296574
-296399
-296390
-296353
-296065
-295761
-295677
-295521
-295480
-295067
-294761
-294484
-294322
-294150
-294002
-293910
-293762
-293651
-293581
-293539
-292857
-292638
-292474
-292019
-291698
-291332
-291027
-290910
-290763
-290583
-290445
-290373
-290172
-289811
-289686
-289594
-289341
-289290
-288766
-288681
-287873
-287467
-287002
-286959
-286933
-286602
-286509
-286462
-286426
-286377
-286085
-285970
-284973
-284653
-284452
-284095
-284071
-283866
-283802
-283550
-283328
-282870
-282189
-281986
-281914
-281603
-281584
-281535
-281369
-281110
-280834
-280779
-280481
-280444
-280440
-280397
-279985
-279905
-279810
-279630
-279301
-279234
-279207
-278957
-278913
-278799
-278419
-278033
-277726
-277103
-277088
-276999
-276987
-276512
-276373
-276189
-276174
-276124
-275990
-275954
-275838
-275649
-275292
-275241
-275146
-275073
-274919
-274201
-274116
-273447
-273385
-272812
-272566
-272466
-272303
-272258
-271904
-271852
-271624
-271326
-271224
-271102
-270772
-270761
-270406
-270206
-270145
-270131
-270089
-269747
-269459
-269325
-269301
-269175
-268968
-268942
-268623
-268152
-267506
-267503
-267367
-267331
-267134
-267110
-266840
-266410
-266368
-266131
-266094
-265752
-265708
-265702
-265469
-265446
-264283
-264265
-264044
-263992
-263963
-263850
-263658
-263249
-263169
-263030
-262981
-262212
-262034
-261944
-261769
-261768
-261615
-261504
-261031
-261019
-260848
-260790
-260748
-260524
-260471
-260450
-260163
-259417
-259270
-258881
-258717
-258695
-257921
-257867
-257143
-256743
-256110
-255881
-255836
-255736
-255724
-255703
-255396
-255082
-254889
-254528
-254073
-253890
-253552
-253165
-252884
-252883
-252787
-252663
-252417
-252112
-251987
-251745
-251571
-251267
-250797
-250743
-250423
-250393
-250272
-249996
-249708
-249255
-248893
-248598
-248407
-248127
-247913
-247691
-247506
-247493
-247491
-247477
-247397
-247112
-246870
-246540
-246209
-246112
-246008
-245947
-245720
-245186
-245156
-244664
-244298
-244249
-244242
-244189
-244155
-244153
-244053
-244034
-244032
-243852
-243509
-243476
-243405
-243383
-243346
-243158
-242978
-242655
-242629
-242390
-241777
-241490
-241277
-241204
-241145
-241025
-240970
-240772
-240364
-239851
-239737
-239728
-239608
-239281
-239226
-239205
-238410
-238395
-238178
-238164
-238066
-238034
-238017
-237533
-237082
-236956
-236506
-236447
-236333
-236144
-236095
-236062
-235991
-235963
-235880
-235765
-235531
-235097
-234748
-234559
-234176
-233835
-233789
-233364
-233179
-233128
-233027
-232723
-232700
-232691
-232626
-232510
-232418
-231837
-231737
-231421
-231021
-230646
-230300
-229513
-229202
-229199
-229061
-229049
-229001
-228682
-228198
-227834
-227785
-227192
-226929
-226873
-226669
-226337
-225644
-225059
-224790
-224506
-224249
-224057
-223692
-223411
-223390
-223384
-223198
-223157
-223050
-223027
-222614
-222598
-222300
-222297
-221809
-221436
-221383
-221053
-220874
-220101
-219889
-219744
-219487
-219000
-218873
-218754
-218716
-218673
-218660
-218528
-218510
-217946
-217872
-217866
-217629
-217166
-216965
-216539
-216472
-216248
-216212
-216087
-215990
-215875
-215402
-215373
-214673
-214635
-214434
-213929
-213827
-212991
-212942
-212654
-212482
-212466
-211905
-211848
-211679
-211329
-211216
-211205
-211049
-210754
-210592
-210588
-210552
-210047
-209802
-209794
-209757
-209479
-209305
-209181
-208776
-208396
-208369
-208343
-208120
-208018
-207963
-207660
-207575
-207253
-207207
-206993
-206877
-206818
-206761
-206613
-206550
-206429
-206334
-206071
-205860
-205835
-205687
-205616
-205514
-205465
-205402
-205362
-205293
-205136
-205082
-204532
-204449
-204395
-204174
-203387
-202734
-202723
-202528
-202419
-202198
-202152
-201943
-201831
-201489
-201483
-201124
-200847
-200728
-200261
-200155
-199314
-199243
-198999
-198829
-198688
-198583
-198300
-198272
-198055
-197812
-196929
-196595
-196593
-196505
-196487
-196337
-196295
-196248
-196241
-196091
-196089
-195938
-195888
-195699
-195521
-195470
-194948
-194884
-194352
-193269
-193249
-193108
-192991
-192919
-192867
-192799
-192549
-192539
-192534
-192078
-192037
-191828
-191642
-191388
-191027
-190681
-190536
-189908
-189744
-189226
-188957
-188857
-188844
-188682
-188092
-187627
-187428
-187079
-186774
-186625
-186576
-186154
-185700
-185284
-185174
-185107
-184825
-184736
-184686
-184565
-184558
-184262
-184064
-183656
-183211
-183176
-182982
-182882
-182849
-182444
-182357
-182275
-181666
-181570
-181111
-181052
-180993
-180029
-179938
-179817
-179694
-179428
-179402
-178988
-178922
-177842
-177259
-177194
-177193
-176858
-176569
-176328
-176257
-176119
-176104
-176012
-175952
-175596
-175483
-175477
-175217
-175157
-175081
-174933
-174926
-174693
-174399
-174210
-173451
-173448
-172941
-172844
-172465
-172404
-172231
-172038
-171916
-171374
-171157
-171058
-170921
-170278
-170178
-169632
-169614
-169570
-169501
-169360
-169240
-168898
-168626
-168393
-168213
-167770
-167709
-167686
-166978
-166924
-166724
-165795
-165283
-165277
-164773
-164396
-164118
-163802
-163759
-163702
-163397
-163072
-162851
-162847
-162810
-162746
-162537
-162510
-162389
-162303
-162148
-161943
-161875
-161808
-161743
-161605
-161506
-161397
-161141
-161115
-160712
-160527
-160137
-160070
-159968
-159889
-159683
-159466
-159347
-159095
-158806
-158455
-158246
-157716
-157703
-157695
-157437
-157405
-157030
-156954
-156880
-156839
-156305
-156110
-156084
-155550
-155069
-154541
-154528
-154257
-153963
-153918
-153819
-153628
-152996
-152808
-152532
-152484
-152249
-151964
-151821
-151812
-151807
-151690
-151660
-151542
-151490
-151283
-150910
-150733
-150656
-150352
-150214
-150085
-149521
-149470
-149014
-148809
-148673
-148633
-148441
-148356
-148171
-147920
-147895
-147894
-147585
-147404
-147247
-147240
-146879
-146469
-146399
-146274
-146181
-146058
-145847
-145528
-145450
-145261
-144767
-144748
-144711
-144442
-143649
-142572
-142563
-142557
-142510
-141905
-141487
-141164
-140435
-139827
-139764
-139692
-139664
-139429
-139211
-139128
-138942
-138827
-138606
-138441
-138062
-137432
-137385
-137204
-137006
-136901
-136314
-136185
-136110
-135822
-135645
-135423
-134497
-134178
-134130
-133814
-133802
-133509
-133248
-132777
-132694
-132622
-132519
-132453
-132401
-132263
-132060
-131923
-131705
-131691
-131147
-130538
-130223
-129897
-129677
-129448
-129423
-129321
-128947
-128785
-128697
-128483
-128394
-128257
-127861
-127708
-127649
-127189
-127036
-126978
-126826
-126759
-126737
-126649
-126609
-126356
-126188
-125840
-125353
-125081
-125059
-124639
-124154
-124116
-123882
-123851
-123667
-123500
-123346
-122887
-122806
-122683
-122444
-122381
-122308
-122267
-122081
-121865
-121454
-121386
-120766
-120659
-120641
-120600
-120424
-119520
-119201
-118835
-118782
-118753
-118584
-118413
-117980
-117907
-117538
-117367
-116828
-116683
-116634
-116626
-116505
-116277
-116095
-116078
-115956
-115810
-115712
-114752
-114751
-114613
-114102
-114063
-114018
-113659
-113503
-113446
-113424
-113152
-113095
-112834
-112790
-112602
-111674
-111671
-111551
-111510
-111485
-111420
-111288
-111274
-111018
-110758
-110496
-110376
-110167
-109574
-109567
-109514
-109240
-109081
-109075
-108935
-108892
-108830
-108651
-108283
-108161
-108015
-107901
-107499
-107494
-107210
-107076
-106469
-106290
-106279
-105967
-105747
-105728
-105165
-104616
-104054
-104049
-104039
-103671
-103547
-103353
-103075
-102954
-102909
-102189
-102182
-102149
-101941
-101589
-101499
-100617
-100572
-100380
-100379
-100352
-100317
-100121
-100098
-99912
-99897
-99784
-99631
-99481
-99340
-98850
-98812
-98604
-98508
-98450
-98385
-98318
-97687
-97360
-97192
-97064
-97024
-96414
-96356
-95736
-95447
-95395
-95279
-95208
-94973
-94660
-94609
-94326
-94078
-93840
-93644
-93600
-93244
-93136
-93012
-92943
-92758
-92453
-92414
-92376
-92005
-91969
-91600
-91271
-91240
-91216
-91091
-90752
-90473
-90252
-89630
-89564
-89551
-89429
-89178
-88976
-88948
-88910
-88817
-88812
-88575
-88216
-88077
-87753
-87691
-87350
-87329
-87324
-87310
-87252
-87188
-86787
-86723
-86430
-86350
-86195
-86189
-85704
-85587
-85221
-85039
-85024
-84726
-84616
-83991
-82919
-82866
-82738
-82723
-82412
-82204
-82006
-81981
-81955
-81645
-81406
-81143
-80840
-80775
-80517
-80212
-80117
-79880
-79862
-79779
-79746
-79576
-79522
-79341
-78795
-78793
-78553
-78479
-77823
-77236
-77225
-76753
-76476
-76167
-75522
-75486
-75454
-75215
-74782
-74715
-74503
-74355
-73995
-73901
-73799
-73505
-73247
-73076
-72848
-72511
-72303
-72197
-72135
-72120
-70899
-70182
-69435
-69395
-69119
-68825
-68536
-67703
-67691
-67582
-67330
-67279
-67095
-67069
-66781
-66711
-66581
-66391
-66316
-66290
-66034
-65994
-65952
-65544
-65503
-65322
-64983
-64969
-64636
-64222
-64203
-64078
-63904
-63849
-63649
-63481
-63363
-63256
-63218
-62885
-62488
-62465
-62455
-62198
-62112
-61740
-61609
-61403
-61020
-60844
-60577
-60254
-59535
-59534
-59021
-58969
-58870
-58740
-58715
-58461
-58383
-58290
-58289
-58183
-58029
-57940
-57366
-57294
-57170
-57009
-56654
-56341
-56295
-55740
-55713
-55191
-55174
-55112
-54968
-54827
-54405
-54250
-54116
-54095
-54025
-54018
-53846
-53390
-53158
-53141
-53031
-52956
-52918
-52898
-52859
-52793
-52776
-52495
-52291
-52011
-51802
-51526
-51480
-51248
-51131
-51035
-50956
-50664
-50579
-50573
-50521
-50415
-50262
-50248
-49740
-49692
-49649
-49148
-49059
-48990
-48962
-48742
-48642
-48101
-47948
-47858
-47765
-47698
-47541
-47150
-46743
-46591
-46351
-46151
-46114
-46107
-45957
-45703
-45549
-45352
-44968
-44946
-44229
-44065
-44064
-43951
-43662
-43484
-43194
-43168
-43106
-43056
-42846
-42568
-42523
-42461
-42278
-41981
-41898
-41731
-41198
-40833
-40744
-40473
-39880
-39435
-39388
-39384
-39152
-38412
-38269
-37761
-37494
-37353
-37003
-36932
-36844
-36581
-36406
-35555
-35324
-35282
-35241
-35178
-35154
-34988
-34836
-34777
-34732
-34145
-34140
-33842
-33628
-33116
-32991
-32966
-32719
-32434
-32351
-32093
-31239
-31209
-30994
-30895
-30819
-30772
-30637
-29990
-29784
-29659
-28944
-28820
-28732
-28731
-28257
-28202
-28176
-28092
-28053
-27932
-27661
-27571
-27084
-27029
-26723
-26689
-26651
-26542
-26529
-26304
-26156
-25738
-25668
-25600
-25478
-25446
-25410
-25265
-25141
-25123
-25004
-24869
-24458
-23961
-23718
-23718
-23666
-23603
-23361
-23266
-22597
-22498
-22456
-22416
-22312
-22150
-21984
-21844
-21730
-21603
-21245
-21233
-20097
-19692
-19438
-19422
-18886
-18399
-18084
-17920
-17859
-17620
-17067
-17039
-16811
-16222
-16097
-14845
-13836
-13789
-13717
-13380
-13308
-13282
-13177
-13134
-12997
-12789
-12636
-12323
-11707
-11161
-11039
-10852
-10573
-9861
-9522
-9109
-9048
-8947
-8920
-8788
-8462
-8461
-8444
-8420
-8310
-8273
-8268
-8169
-8036
-7850
-7831
-7687
-7627
-7491
-7290
-6975
-6843
-6637
-6633
-6489
-6322
-5823
-5778
-5729
-5461
-5461
-4831
-4560
-4102
-4003
-3695
-3633
-3431
-3282
-3147
-3006
-2654
-2525
-2420
-2026
-1973
-1923
-1801
-1407
-1402
-1253
-911
-880
-828
-718
-520
-436
-375
-173
283
329
686
772
784
786
841
1309
1327
1486
1978
1979
2003
2265
2423
2677
2819
3086
3142
3354
3500
3556
3649
3707
3720
3893
3894
3908
3989
4169
4372
4401
4534
4536
4745
4842
5018
5284
5377
5501
5707
6052
6083
6556
6602
7088
7349
7881
7961
8305
8493
8733
8736
8809
9291
9440
9670
9749
10728
10944
11033
11180
11254
11351
11831
12122
12131
12140
12959
12966
13018
13259
13274
13302
13425
13429
13445
13510
13535
13576
13664
13849
13961
14098
14529
14564
14605
14891
14950
15249
16074
16110
16155
16159
16394
16484
16948
17013
17434
17843
18167
18541
18557
18669
18788
18829
18840
18979
19045
19547
19688
20354
20551
20730
20736
20760
20780
21307
21759
21852
21978
22402
22487
22660
22708
22726
23026
23045
23457
23644
23774
23863
24155
24165
24357
24413
24458
24978
25117
25360
25430
25676
25802
25819
25900
26112
26285
26467
26578
26608
26688
27037
27063
27613
27811
27937
28113
28168
28508
28522
28541
28840
28985
29220
29281
29644
29856
30009
30226
30288
30369
30787
31026
31234
31393
31416
31534
31737
32095
32619
32683
32706
32707
32820
33010
33228
33591
33892
33963
34097
34184
34300
34550
34614
34853
34918
34949
34981
35001
35313
35557
35896
36302
36875
37237
37313
37694
37732
37808
37950
37956
38256
38877
38977
38977
39077
39479
39985
40201
40571
40713
40797
40850
41304
41352
41462
41467
41908
42091
42407
42857
42942
42977
43029
43120
43183
43502
44361
45107
45309
45579
46786
47067
47424
47718
48339
48346
48483
48503
48516
48576
48606
48676
48708
48710
48816
49103
49388
49554
49595
49865
50012
50361
50556
50976
51062
51107
51195
51340
51357
51765
51846
52316
52338
52952
53253
53386
53571
53603
53670
53826
53961
54033
54645
54973
55258
55446
55461
55532
55731
56425
56485
56617
56873
56958
57043
57083
57132
57368
57726
57867
57947
58144
58496
58622
58658
58953
59059
59181
59414
60214
60378
60429
60463
60731
60915
61047
61113
61254
61300
61345
61459
61589
61849
61849
62010
62252
62287
62532
62700
63164
63197
64053
64668
64711
64719
64801
64899
65054
65143
65462
65491
66004
66055
66900
67237
67415
67545
67638
67995
68076
68566
68612
68772
69006
69239
69332
69404
69636
69695
69980
70720
70743
70895
71060
71689
72049
72104
72164
72184
72366
72537
72706
72987
73154
73519
73850
73998
74250
74446
74680
74873
74917
74948
75475
75600
75730
75818
75899
76082
76673
76776
76776
77051
77147
77314
77996
78381
78647
78767
78823
78880
79195
79393
79652
80101
80123
80503
80756
81046
81418
81420
81487
81765
82117
82416
83169
83413
83872
83922
83926
84068
84121
84149
84259
84309
84330
84427
84982
85494
85619
85778
85997
86147
86305
86382
86586
86981
87158
87290
87506
87945
88293
88406
88644
88683
89061
89599
90259
90425
90673
91038
91068
91325
91363
91498
91692
91742
91761
91983
92417
92434
92669
92824
92951
93268
93351
93806
93837
93958
93991
94018
94090
94360
94474
94835
95293
95481
95586
96047
96199
96213
96520
97049
97108
97131
97579
97646
97738
97911
97914
98039
98229
98433
98439
98500
99082
99115
99615
99689
100032
100415
100570
100793
100835
101188
101332
101590
101690
101963
102543
102596
102879
103140
103178
103185
103550
103581
103830
103921
104309
104676
104756
105250
105417
105512
105893
105948
106589
106775
106852
107364
107598
108270
108463
108547
108648
108787
108856
108861
109368
109524
109985
110073
110523
110592
110626
110629
110886
111132
111173
111425
111457
111480
111997
112341
112661
112932
113005
113045
113360
113423
113740
114155
114823
114907
114994
115093
115276
115316
115430
115738
115766
116091
116365
116596
116868
116868
116877
117122
117536
117581
117587
117634
117745
117809
117823
117911
118343
118626
118650
119545
119880
120284
120393
120503
120551
120914
121271
121419
122304
122432
122922
123204
123561
123727
123897
124164
124427
124723
124742
125186
125316
125445
125458
125741
125918
125960
125972
126467
126541
127125
127180
127237
127355
127608
127650
127728
127756
128198
128732
128847
129111
129173
129299
129310
129334
129337
129921
130061
130187
130595
130717
130911
131819
132048
132199
132531
132797
132826
132880
133294
133319
133369
133612
133677
133835
134065
134288
134314
135047
135185
135243
135867
136451
136486
136546
136771
136876
136938
137076
137146
137726
137841
138295
138297
138438
139078
139163
139303
139485
139604
139786
140066
140506
140532
140595
140709
141205
141438
141767
141830
141953
142052
142362
143240
143481
143777
144834
145029
145147
145195
145414
145750
146022
146131
146429
146445
146723
146855
146959
147095
147143
147232
147734
148111
148175
148792
148946
149265
149367
149623
150089
150605
151051
151068
151722
152097
152231
152261
152474
152542
152607
152654
152660
152679
153163
154045
154453
154574
154924
155636
155843
155848
156177
156614
156719
156727
156791
156839
156888
156889
157308
157454
157491
157558
157592
157592
157736
157825
157917
158158
158233
158534
158594
158662
158973
159090
159125
159129
159207
159393
159493
159806
159900
160493
160608
160739
160955
161058
161402
161471
161540
162192
162768
162910
162949
163119
163377
163667
163750
163761
163912
163920
164345
164376
164619
165152
165477
165859
165882
165965
166167
166247
166417
166482
166615
166784
166788
166934
167578
167630
167631
167639
167803
167883
168360
168473
168840
168983
168998
169396
169519
169652
169992
170139
170220
170255
170884
170969
170992
171153
171166
171268
171324
171437
171618
171879
172089
172184
172368
172681
172755
172996
173978
174066
174168
174315
174365
174547
174587
174619
174783
174915
175259
175269
175310
175738
175840
175888
175969
176331
176367
176514
176518
176645
176688
176919
177411
177443
177639
177794
177823
177826
178016
178285
178475
178552
178940
179025
179308
179440
179715
179894
179951
180177
180583
180723
181006
181109
181126
181131
181367
181501
181699
181816
182044
182460
182557
182591
183227
183348
183401
183530
183710
184079
184126
184323
184475
184807
184978
185299
185302
185472
185731
186130
186310
186554
186582
186813
186868
186890
187071
187215
187220
187329
187355
187618
187653
188255
188617
188674
189073
189434
189891
189901
190065
190189
190193
190245
190641
190718
190735
190860
191020
191186
191231
191407
191488
191551
191780
191803
191873
191976
192129
192342
193717
193834
194717
194898
195192
195358
195589
195800
196011
196095
196381
196410
196630
196760
197082
197170
197205
197286
197620
197811
198368
198417
198634
198777
198926
199416
199641
199979
200251
200340
200449
200820
200910
200923
200937
201239
201407
201533
201737
201936
202033
202215
202218
202247
202567
202582
203004
203316
203995
204118
204140
204155
204495
204514
204601
205309
206047
206172
206253
206485
206826
206828
206995
207250
207373
207492
207552
207732
208228
208339
208653
208756
208769
208859
208973
209786
209848
210407
210414
210509
210611
210725
211630
211773
211891
212331
212730
212923
213054
213149
213164
213507
213913
213976
214205
215323
215499
215760
215798
215802
215915
216074
216539
216765
217150
217504
217556
217566
217603
217761
217779
217860
217920
218051
218373
218957
218994
219005
219067
219105
219112
219339
219485
219806
220138
220233
220481
220491
220541
220740
220841
220884
220904
221308
221380
221513
221624
221652
222058
222540
222666
222667
222792
222803
222861
222981
223330
223522
223557
223989
224020
224029
224085
224290
224311
224584
224708
225170
225344
225408
225592
225674
225684
225687
225746
225796
225968
226113
226460
226654
226783
226920
226930
227024
227143
227162
227514
227654
228129
228404
228537
228591
229046
229067
229331
229661
229948
230157
230671
230724
230954
230968
231328
231633
231830
232413
232437
232462
232884
233202
233403
233454
233574
233764
233886
234034
234649
234748
235074
235185
235550
235607
235677
235870
235899
236636
236707
237185
237513
237623
237682
237768
237871
238012
238454
238458
238582
238751
239275
239332
239343
239462
239676
240789
241052
241193
241672
241751
242483
242682
242875
242913
243482
243482
243623
243777
244021
244055
244168
244272
244381
244421
244552
244725
244942
245044
245070
245328
245334
245454
245557
245621
245873
245876
245933
245989
246047
246356
246365
246513
246744
247154
247228
247570
248265
248397
248494
248730
248878
248912
249002
249075
249333
249476
249724
249795
249840
250016
250193
250217
250460
250591
251116
251199
251248
251254
251265
251295
251612
251939
252121
252704
252723
252886
253082
253167
253220
253356
253379
253555
253939
255068
255085
255329
255432
255508
255620
255821
255931
256112
256251
256336
256367
256400
256424
256838
257345
257611
257630
257736
257803
257903
258279
259323
259558
259669
259819
259872
260166
260368
260460
260586
260830
260872
261064
261078
261195
261745
261809
262193
262252
262538
262582
262682
263042
263261
263278
263657
263963
264483
264699
265105
265324
265597
265651
265839
265971
266282
266313
266633
266884
266910
266977
267044
267082
267686
267747
267951
268091
268120
268170
268212
268314
268536
268861
268906
269348
269947
270041
270185
270325
270374
270974
271058
271358
271445
271479
271616
271655
271689
271781
271863
272161
272285
272357
272503
272508
272591
272671
273033
273221
273252
273386
273591
273909
273948
274082
274152
274172
274400
274735
274979
275186
275235
275271
275908
276025
277180
277212
277294
277338
277505
277508
277590
277613
277927
278046
278309
278458
278672
278722
278815
278852
279141
279682
279725
280082
280821
280829
281118
281184
281610
281617
281699
281711
281870
282146
282400
282906
283021
283106
283151
283256
283827
283904
284138
284611
285366
285668
285690
285783
286455
286562
286623
286728
286741
287000
287245
287796
287858
287932
288858
288900
288936
289173
289874
290507
290774
291800
291807
292193
292454
292528
292582
292921
293525
294117
294663
294875
295407
295648
295879
296233
296596
296711
297321
297570
297724
298024
298460
298598
298704
298731
298776
298895
299050
299403
299888
299935
300058
300082
300269
300396
300478
300650
300799
300956
300962
300962
300967
301231
301274
301299
301569
302311
302448
302881
303148
303262
303302
303841
304248
304672
305049
305401
306219
306524
306678
306811
306815
307477
307958
308114
308317
308448
308736
308777
308893
308981
309065
309208
309715
309726
309957
310058
310952
311334
311448
311510
311882
311901
312263
312387
312413
312550
313087
313499
313705
314016
314157
314173
314334
314403
314473
314558
314596
314665
314725
315123
315174
315177
315225
315280
315310
315344
315429
315458
315686
315971
316332
316565
316680
317259
317264
317518
317583
317622
317663
317893
318276
318344
318530
318532
318618
318643
318919
319015
319026
319045
319075
319077
319168
319335
319386
319566
319682
319975
320073
320533
320834
320854
321152
321274
321380
321686
321716
321865
321978
322088
322348
322725
322975
323063
323164
323366
323675
323753
323940
324449
324483
324526
324610
324835
325136
325163
325529
325873
325918
326424
326707
326729
327211
327605
327620
327686
328160
328244
328318
328438
328491
329101
329191
329325
330213
330320
330324
330324
330486
330593
331041
331054
331467
331467
331611
331720
332018
332123
332270
332532
333016
333094
333249
333364
333562
333801
333895
334116
334849
334866
335323
335335
335668
335698
335813
335837
336064
336109
336117
336124
336381
336441
337144
337480
337490
337713
337752
337783
337889
338197
338271
338389
339347
339428
339566
339626
339673
339906
339980
340029
340044
340160
340532
340633
340892
341427
341461
341558
341872
342177
342259
342635
343216
343324
343370
343411
343572
343824
343860
344039
344121
344236
344653
344849
344926
344939
345002
345027
345088
345128
345146
345191
345195
345350
345362
345362
345719
346015
346125
346258
346412
346428
346608
346863
346881
346893
347122
347489
348340
348576
348893
348930
348969
349395
349842
350153
350430
350493
350537
350542
350581
350607
351229
351454
351494
351503
351654
351670
351811
351844
351886
352265
352438
353524
353591
353657
353831
354099
354200
354258
354840
354850
354948
355135
355547
355849
355979
356088
356098
356516
356565
356648
356816
356830
356998
357115
357586
357859
358324
358337
358348
358594
358937
359210
359328
359629
359631
359795
359989
360033
360400
360429
360486
360681
360687
361015
361023
361216
361279
361346
361606
361647
361692
361867
361901
361947
362605
362970
363720
364022
364030
364058
364296
364370
364371
364387
364833
365077
365182
365271
365335
365560
365742
366354
366624
366664
366716
366953
367084
367309
367318
367909
367925
367933
368303
368447
369422
369432
370149
370731
371401
371484
371630
372331
372472
372869
373379
373496
373903
373978
374342
374417
374454
374640
374916
375415
375800
375851
375885
375967
376381
376434
376471
376505
377292
377328
377393
377915
377932
378310
378472
378551
378561
378654
378733
379361
379375
379388
379747
379765
380074
380169
380206
380577
380964
381353
381509
381644
381773
382094
382336
382417
382625
382995
383046
383053
383093
383121
383258
383926
383952
384303
384523
384696
384712
385084
385302
386513
386630
386778
386782
387190
387227
387231
387548
387553
387575
387800
387879
387922
388322
388382
388411
388456
388676
388771
388888
388969
389057
389326
389338
389485
389496
389512
389716
389810
390061
390195
390270
390530
390722
390758
390912
391144
391276
391370
391378
391427
391461
391697
391720
392077
392556
392793
394252
394324
394333
394438
394449
394707
394854
395178
395490
395723
395746
395891
396078
396154
396235
396503
396821
397344
397408
397445
397551
397649
397922
397947
398057
398386
398703
398722
399586
399605
399762
399764
399798
400526
401301
401497
401612
401658
401685
401687
401724
402029
402300
402588
402633
402894
402921
403259
403530
403541
403659
403746
403857
403963
404003
404199
404929
405206
405251
405362
405435
405578
405702
405830
406570
407315
407325
407610
407984
408157
408541
408772
408875
409055
409912
410050
410314
410548
410575
410922
410989
411018
411178
411194
411223
411778
411809
411840
411913
411966
412062
412395
412405
412474
412821
413215
413363
413959
413979
413999
414278
414459
414499
414622
414637
414694
415119
415225
415248
415312
415335
415463
416227
416256
416324
416395
416738
416966
417454
417611
418059
418415
418638
419044
419094
419187
419422
419514
419652
419798
419841
420050
420649
420749
420867
421546
421748
421926
421970
422081
422357
422438
422583
423339
423457
423588
423722
423927
423933
424722
424917
424919
425285
425502
425578
425767
425885
426099
426140
426233
426580
426806
426910
427512
427655
427661
427728
427894
427929
427982
428137
428758
428779
429015
429257
429427
429510
429511
429621
429669
430006
430039
430902
431166
431371
431400
431881
431896
431963
432360
432398
432429
432498
432693
432718
432802
432803
432807
433085
433125
433517
433631
433738
433744
433990
434043
434167
434194
434299
434392
434459
434593
434856
435085
435105
435125
435702
435725
435978
436100
436123
436204
436204
436242
436779
437061
437068
437194
437204
437224
437300
437344
437599
437819
437851
437954
438219
438401
438587
438724
438742
439201
439209
439358
439468
439706
439733
439820
439908
440259
440434
440771
441305
441343
441454
441540
441914
442213
442272
442499
442830
442964
443129
443153
443413
443644
443739
443776
444341
444503
444678
444690
444865
445091
445336
445394
445685
445798
445812
446149
446416
446622
446626
446629
446890
446963
447041
447400
447549
447606
447701
447707
447865
447962
448067
448216
448374
448917
448970
449384
449389
449399
449420
449619
449750
449813
450509
450600
450740
450761
450862
451040
451077
451156
451328
451330
451397
451659
451721
451840
452771
453027
453075
453151
453428
453532
453567
453698
453767
453811
454288
454427
454440
454510
454602
454604
454788
454810
455964
456025
456045
456084
456271
456661
457030
457161
457375
457515
457546
457870
458342
458558
458649
458773
458858
459305
459431
459481
459846
460787
460884
460965
461186
461423
461450
461737
462207
462285
462555
462650
462767
462901
462968
462981
462983
463171
463616
463627
463766
463861
464242
464362
464470
464953
464969
465343
465415
465582
465778
465929
465960
466035
466093
466112
466280
466411
466628
466992
467354
467381
467688
467714
467861
467959
468111
468250
468418
468544
468691
469156
469314
469453
469572
469891
470148
470487
470641
470872
470994
471487
471666
471986
472347
472954
473211
473345
473933
474141
474144
474319
474694
474841
475029
475292
475397
475743
475763
475980
476075
476429
476688
477339
477732
477766
477847
478355
478392
478538
478599
478860
479041
479566
479577
479631
479720
479963
480036
480143
480594
480687
480961
481392
481644
481658
481891
482171
482209
482314
482383
482397
482778
482921
483156
483458
483492
483548
483573
483747
484014
484235
484319
484514
484546
484647
484908
485042
485178
485356
485527
485707
485719
485878
485961
486133
486189
486395
487263
487687
487837
488146
488350
488395
488497
488530
488542
488573
488811
488815
488943
488993
489075
489372
489478
489650
489983
490441
490447
490533
490561
490988
491432
491550
491757
491862
491894
492311
492332
492507
492846
493440
493584
493705
493973
494081
494383
494473
494489
494519
494576
494678
494751
495162
495415
495601
495805
496187
496525
496669
496777
496885
496914
497015
497316
497820
497827
497930
498006
498205
498208
498458
499002
499036
499265
499502
499532
499617
499661
500073
500372
500528
500655
500807
500861
501033
501063
501067
501288
501381
501640
501776
501845
502118
502243
502385
502407
502578
502889
503059
503316
503397
503761
504100
504383
504826
504877
504929
504966
505382
505644
505753
505836
505932
506576
506892
506981
507297
507477
507618
507626
507704
508070
508670
508809
509035
509314
509343
509682
509849
510409
510606
510627
510642
510856
510873
510946
511071
511080
511243
511248
511398
511436
511614
511787
512126
512593
512655
512820
512836
512982
513011
513022
513027
513030
513053
513234
513873
513913
513937
514110
514186
514429
514592
514604
514617
514894
515090
515134
515144
515147
515181
515385
515557
515841
516245
516656
516716
516887
517297
517531
518122
518453
518556
518765
518861
518881
519026
519055
519080
519144
520035
520316
520403
520405
520638
521132
521205
521218
521437
521742
521842
522039
522134
522597
523377
523539
523561
524089
524151
524432
524821
525090
525359
525979
526005
526176
526179
526289
526936
527058
527139
527267
527437
527495
527524
527593
528003
528148
528261
528507
528564
529081
529155
529186
529270
529284
529752
530261
530703
530837
530842
531130
531658
531774
531844
532255
532426
532558
532558
532744
532967
533576
533740
533871
534002
534028
534168
534441
534477
534696
534710
535720
536389
536417
536455
536507
536881
536952
537517
537552
537611
538012
538044
538149
538254
538633
538672
538687
539177
539283
539527
539597
540036
541424
541483
541493
541568
541691
541737
541856
541931
542029
542286
542528
542800
543444
543958
544319
544496
544514
544873
544929
545034
545046
545081
545294
545762
546260
546598
546963
546967
547085
547127
547144
547173
547208
547216
547216
548019
548051
548172
548227
548421
548871
548986
549034
549092
549122
549157
549475
549777
549829
549848
550111
550345
550351
550558
550565
550764
550831
551256
551515
551791
551879
552103
552502
552724
552794
552959
553088
553234
553397
553595
553706
553975
554312
554350
554625
555144
555394
555584
556363
556449
556635
556797
556833
557026
557359
557791
557885
558560
558680
558717
559188
560840
561095
561176
561320
561523
561586
561797
562159
562239
562397
562554
562793
563163
563181
563258
563492
563536
563627
563706
564411
564539
564579
564623
564674
564969
565557
565814
566122
566533
566786
567332
568179
568376
568381
568630
568746
568789
568883
568883
569011
569367
569481
569502
569590
569728
570068
570140
570915
570994
571286
571454
571696
571826
571973
572027
572407
572477
572516
572644
572867
572875
573654
573734
573889
574088
574420
574661
574769
575099
575106
575538
575659
575915
576025
576048
576110
576355
576544
576871
577035
577184
577354
578274
578556
578787
580047
580422
580475
580733
580859
581354
581428
581433
581562
581762
581921
581942
582113
582186
582234
582451
582715
582836
582996
583100
583235
583295
583403
583403
583472
583714
584416
584469
584653
584837
585171
585463
585591
585825
585959
586006
586458
587223
587306
587499
587579
587671
587761
587855
587877
587900
587922
588713
588736
588866
588936
589085
589770
589776
589830
590200
590557
590654
590776
590797
590874
591242
591381
591472
591661
591821
591987
592000
592378
592453
592555
592642
592835
592954
592974
593117
593734
593941
594083
595401
595661
595721
595751
596006
596419
596626
596734
596775
596906
597030
597084
597357
597602
597648
597799
597939
597960
598004
598274
598531
598656
598774
598808
599179
599193
599383
599409
599709
599944
599956
600266
600615
600782
600814
600856
601287
601877
602273
602518
602699
602970
603056
603125
603332
603369
603445
603479
603534
603875
603970
604051
604385
604627
604712
605011
605027
605277
605438
605536
605815
605873
606179
606228
606232
606296
606711
606897
607131
607179
607756
608257
608426
608545
608770
608824
608864
609182
609225
609267
609683
609697
610359
610463
610504
610801
611150
611385
611402
611502
611805
611941
611952
612123
612203
612479
612549
612599
613512
613681
613701
614049
614437
614756
615107
615395
615395
615825
615989
616181
616243
616380
616655
616664
616718
616725
616729
616856
617138
617489
617550
617972
618296
618816
619373
619432
619512
619636
619819
620178
620203
620244
620263
620274
620312
620446
620894
620928
620995
621037
621167
621325
621548
621572
621581
621836
621889
622380
622458
622608
622810
622832
622849
623034
623041
623148
623177
623292
623552
623906
623946
624319
624364
624555
624606
624668
625051
625470
625723
625827
625964
626053
626651
626866
627319
627516
627597
627605
627758
628047
628436
628550
628677
628917
628996
629141
629547
629894
630673
630742
631096
631270
631400
631777
632134
632286
632381
632554
632638
632917
632952
633029
633152
633261
633557
633953
634163
634267
634333
634925
635278
635303
635346
636229
636394
636491
636619
636749
636857
636974
637219
637690
637994
638091
638288
638466
638521
638895
639156
639217
639313
639459
639465
639608
640067
640259
640749
640773
640866
641315
641354
641852
641991
642224
642472
642490
642499
642673
642792
642870
642989
643050
643169
643304
643589
643603
643857
643975
644219
644619
644824
644839
644852
645099
645150
645329
645396
645833
645996
646298
646379
646388
646808
646873
646879
647141
647366
647368
647412
647559
647570
647687
647689
647752
648702
648706
649139
649188
649199
649369
649680
649814
649856
649956
649985
650702
651065
651213
651216
651277
651337
651690
651773
651992
652156
652551
652560
653194
653246
653438
653593
654196
654524
654681
654795
655339
655617
655997
656505
656920
657002
657005
657211
657512
657783
657830
658080
658329
658340
658408
659068
659436
659450
659891
660080
660089
660131
660605
660708
661144
661270
661271
661455
661743
662469
662536
662585
662659
662675
662859
662879
662989
663007
663415
664788
664907
664966
665122
666020
666281
666338
666456
666563
666651
666880
667069
667133
667139
667213
667319
667476
667516
667849
667959
668007
668513
668802
669190
669540
669559
669740
669987
670076
670219
670332
670343
670390
670511
670639
670679
670953
670982
671426
671746
671770
671863
672462
672770
672980
673090
673209
673256
673322
674101
674336
674672
675251
675382
675834
675885
675939
676176
676404
676546
676697
676920
676929
677287
677346
677433
677682
677795
677986
678022
678103
678185
678268
678446
678687
679143
679158
679180
679212
679255
679286
679319
679365
679472
680222
680323
680565
681439
681819
681910
682237
682254
682651
682926
683008
683393
683585
683642
683892
683957
683995
684266
684383
684443
684569
684697
684936
685396
686196
686246
686299
686376
686480
686721
686794
686847
687088
687393
687443
687570
687731
687909
687983
688240
688321
688447
688754
689055
689497
689519
689844
689950
689951
690280
690315
690428
690662
690738
691056
691061
691248
691304
691422
691663
691724
692301
692384
692745
692778
693137
693162
693345
693774
694102
694422
694531
694767
694829
694855
694918
695209
695685
695756
695995
696600
696797
696834
697033
697080
697173
697791
697846
697848
698580
698591
698611
698733
698758
698795
698877
699327
699387
699584
699678
699770
699779
699833
700818
701009
701117
701352
701609
701904
702287
702307
702309
702501
702606
702689
702824
702970
703001
703109
703246
703576
704441
704630
704669
705038
705132
705137
705269
705313
705539
705570
706376
706643
707175
707500
707583
708497
708682
708709
708798
708885
709005
709032
709220
709671
709857
709888
709898
709968
710042
710415
710475
710510
710679
710846
710943
711188
711307
711438
711539
711550
711587
712237
712418
713026
713028
713386
713688
713738
713771
714066
714267
714472
714527
714744
714900
715155
715266
715277
715394
715555
715690
715827
715866
715880
715885
716140
716267
716583
717074
717114
717291
717580
717843
718146
718394
718448
718460
718502
718547
718793
718870
718964
719110
719311
719509
719716
719804
720019
720110
720233
720281
720323
720560
720575
720758
720948
721267
721370
721841
721996
722151
722328
722602
722764
722888
722913
723040
723166
723341
723373
723781
724228
725220
725699
725786
725848
725914
725958
726292
726480
726751
727007
727051
727241
727280
727513
727734
727753
727794
727943
727994
728005
728631
728714
728714
728762
728800
729236
729758
729797
729866
729893
730235
730416
730548
730605
730631
731121
731263
731443
731763
731917
732367
732598
732971
733769
733850
734469
734543
734591
735027
735057
735089
735175
735213
735230
735858
735986
736392
736521
736652
736747
736884
736964
737080
737545
737618
737757
738325
738328
738458
738524
738640
738702
738875
738953
739020
739355
739416
739450
739509
739598
739815
739899
740025
740209
740390
740634
740708
740819
740845
741249
741328
741437
741656
741882
742303
742372
743946
743992
744151
744258
744607
744690
744897
745001
745375
745746
745947
746033
746088
746441
746534
746726
746795
747313
747345
747499
747577
747730
747893
748168
748172
748387
748731
749356
749965
750317
750403
750545
750617
750641
750955
751074
751473
751706
752100
752152
752680
752771
753241
753264
753302
753833
754028
754328
754450
754619
754862
754887
754951
755410
755901
756561
756846
757118
757195
757442
757570
757963
758088
758188
758303
758615
758849
758949
759098
759200
759260
759532
759831
759938
759960
760035
760102
760171
760677
761187
761235
761412
761821
762234
762337
762349
762756
762758
762791
762942
763006
763011
763443
763452
763562
763677
763724
764473
764624
764884
764973
765182
765309
765406
765489
765713
766129
766692
766801
766815
766847
766943
767001
767102
767346
767416
767448
767586
767714
768233
768602
768763
768825
768866
769117
769548
769685
770331
770367
770377
770382
770599
770622
770708
770936
771019
771105
771322
772209
772303
772463
772474
773201
773301
773352
773372
773535
773850
773903
774090
774199
774221
774336
774947
775064
775538
776075
776244
776512
776569
776630
776645
776786
777007
777040
777195
777361
777491
777493
778303
778308
778468
778599
778863
779056
779157
779165
779311
779344
779603
780286
780296
780335
780415
780467
780485
781006
781228
781281
781513
781583
781686
782228
782437
782685
782838
782865
783170
783584
783626
783837
783934
784523
784798
784811
784916
785057
785649
785697
785706
785721
785929
785949
785953
786060
786140
786519
786545
786695
786700
786803
786803
787029
787222
787347
787395
787600
787722
788487
788649
788693
788786
789108
789782
789808
790088
790110
790219
790543
790560
790592
790766
790882
790963
791364
791623
791630
791671
791919
792039
792783
793156
794087
794673
794764
794824
795111
795175
795227
795273
795463
795500
795662
795711
795768
795869
796175
796293
796766
797014
797512
797661
797846
797940
797942
798072
798133
798640
798848
798881
799545
800324
800451
801512
801717
801814
802002
802489
803510
803702
803872
803896
804193
804246
804332
804462
804553
804599
804645
805388
805532
805650
805731
806074
806237
806270
806422
806515
806558
807438
807482
807584
807658
807919
808030
808649
808894
808902
808903
808947
809032
809044
809067
809107
809155
809217
809343
809367
809594
809832
810174
810382
810515
810717
811085
811312
811342
811542
811871
811901
812002
812356
812427
812557
812893
812992
813027
813558
813979
814009
814022
814045
814146
815056
815279
815602
815777
815841
815916
816084
816300
816892
817612
817700
817767
817928
818217
818276
818479
819164
819274
819332
819463
819525
819678
820021
820439
820493
820724
820728
821043
821059
821187
821250
821384
821394
821477
821573
821598
821878
821913
822284
822298
822511
822553
822938
823001
823087
823125
823568
824138
824789
825612
825673
825690
825976
826003
826318
826346
826714
827087
827215
827274
827768
827897
828071
828097
828137
828342
828462
828544
828732
828811
829011
829192
829249
829459
829498
829627
829849
829856
830255
830756
830757
830787
830834
831249
831355
831620
831800
831844
831998
832806
832932
832980
833575
833719
833903
833906
833991
834190
834404
834566
834966
835557
835912
836296
836855
837096
837112
837361
837456
837541
837593
837929
838089
838143
838316
838437
838577
838685
838889
839948
840090
840223
840586
840642
840673
840703
841002
841064
841145
841169
841230
841309
841604
841691
841731
842009
842181
842696
842783
842841
842855
842995
843171
843405
843569
843579
843805
843938
844523
844627
844712
845069
845394
845503
845600
845758
845761
846146
846223
846301
846326
846457
846683
846920
847105
847150
847299
847348
847630
848108
848138
848157
848307
848777
848834
848872
848897
848983
849138
849228
849429
849696
849804
849845
850275
850278
850430
850447
850995
851417
851569
851673
852016
852150
852288
852332
852469
852751
853116
853153
853238
853325
853402
853529
853546
853772
854116
854206
854253
854965
855025
855188
855273
855350
855568
855932
856193
856223
856311
856578
857041
857091
857173
857288
857511
857678
857789
857984
857994
858033
858117
858287
858319
858480
858505
858507
858794
859136
859160
859282
859320
859364
859372
860196
860386
860449
860542
860816
860833
860889
861042
861049
861195
861242
861301
861334
861937
862083
862185
862281
862300
862491
862510
862546
862652
862664
862822
862985
863112
863947
864356
864375
864593
865894
866539
866727
866748
866810
866878
867037
867040
867605
867636
867645
867774
868263
868646
868689
868826
868871
868982
869274
869389
869728
869983
870475
870723
870846
871447
871986
872069
872172
872252
872291
872336
872623
872745
872870
872985
873041
873112
873722
874231
874629
875074
875134
875249
875507
875553
875964
876029
876366
876432
876455
876462
876496
877198
877364
877407
877460
877759
877864
877999
878209
878408
878428
878912
879011
879020
879248
879997
880142
880590
880866
881000
881155
881170
881203
881542
881560
882215
882230
882726
883189
883287
883313
883604
883806
883835
884019
884185
884432
885288
885414
885435
886052
886454
886561
886594
886609
886636
886723
887089
887118
887172
887232
887853
887899
888145
888261
888392
889151
889207
889219
889240
889873
889925
890739
890903
890933
891059
891276
891344
891692
891726
891798
891852
891981
892186
892236
892326
892438
892472
892575
892625
892726
892978
893006
893741
893804
893938
894224
894451
894597
894791
894901
895465
895612
895810
896216
896269
896959
896967
897037
897320
897664
897976
898114
898411
898732
899251
899561
899713
899722
899829
899832
899986
900028
900173
900227
900360
900735
901088
901155
901709
902668
902878
902926
902959
903330
903671
903684
903713
903915
904013
904017
904039
904162
904323
904387
904475
904489
904511
904531
905037
905125
905322
905348
905533
905568
906241
906826
906909
906993
907509
907867
908272
908529
908829
908987
909039
909234
909247
909628
910111
910165
910593
910703
910706
910872
911052
911097
911167
911297
911476
911494
911615
911646
911793
911793
911961
911999
912172
912224
912256
912396
912432
912524
912529
912570
912596
913150
913380
913882
914120
914159
914334
914510
914654
914706
914979
915048
915158
915488
915521
915580
915979
916304
916420
916705
916916
917284
917412
917417
917594
918019
918488
918908
919042
919238
919380
919627
919702
919749
919857
919984
920157
920664
920782
920910
921342
921444
921496
921500
921661
921800
921853
922009
922339
922508
922527
922540
922559
923968
924119
924611
925046
925445
925462
925468
925586
925597
925987
926063
926486
926711
926835
927225
927336
927601
927916
928265
928585
929026
929211
929258
929395
929501
929508
929543
929642
929750
930401
930561
930917
931002
931101
931307
931447
931776
932164
932316
932494
932523
932588
933007
933152
933514
933591
933619
933746
933792
933857
933924
933953
934003
934173
934204
934787
934817
934895
935124
935236
935366
935634
936268
936567
936737
936847
937013
937048
937103
937151
937179
937426
937584
937587
937625
937822
938379
938398
938528
938811
938826
938838
939729
940098
940203
940252
940334
940413
940658
940821
940905
941077
941288
941452
941920
942191
942564
942737
942904
943070
943355
943669
943724
943892
943946
944289
944540
944619
945306
945648
945798
945878
945973
946271
946322
946357
946645
947282
947319
947457
948073
948523
948685
948896
949324
949400
949707
949791
950079
950088
950132
950240
950793
950803
950987
951411
951422
952194
952227
952268
952674
952790
953056
953132
953266
953300
953355
953651
953658
953839
953947
953974
954251
954359
954621
954951
955103
955127
955177
955206
955728
955837
955873
956147
956676
956944
957174
957286
957321
957543
958516
958714
958891
958931
959001
959076
959219
959785
959921
959989
960105
960163
960240
960323
960546
960934
960994
961283
961429
961505
961554
962098
962189
962456
962741
962836
962865
962925
963095
963102
963735
963765
964044
964315
964317
964335
964728
964958
965120
965298
965371
965631
965848
966080
966301
966325
966527
966787
967246
967258
967455
967907
968043
968578
968612
968729
968763
968837
969453
969946
969997
970254
970354
970485
970568
970991
971301
971418
971461
972206
972760
972795
973126
973494
973607
973725
973955
974217
974268
974375
974415
974463
974555
974685
974721
975018
975657
975709
975915
976001
976007
976283
976336
976407
976508
976777
976884
977236
977239
977326
978044
978727
978793
978818
978849
978986
978987
979005
979275
979276
979725
979971
980123
980721
980798
981399
981602
981782
981875
982007
982256
982375
982380
982415
982726
983163
983346
983789
983940
983982
984275
984495
984500
984651
984771
984906
985051
985137
985401
985727
986084
986185
986745
986778
986782
987210
987507
987788
987815
988006
988088
988352
988963
989101
989137
989260
989296
989356
989452
989529
989657
990102
990104
990497
990573
990836
990924
991239
991445
991742
992100
992288
992566
992691
992896
992900
993062
993200
993210
993227
993468
993622
993700
994210
994224
994627
994664
995199
996176
996226
996482
997527
997641
997677
997810
997820
997976
998836
999143
999172
999391
999469
999500
999542
999802