100
227
1241
1325
1360
1846
1873
2015
2477
2569
2748
2851
3113
3178
3244
3748
4007
4104
4476
4633
4685
4770
4817
5031
5632
5754
6034
6359
6700
6713
6751
6911
7002
7132
7184
7648
7791
7963
8014
8303
8344
8425
8692
8714
9012
-8899
-2776
-7544
-1107
-8912
-3744
-2076
-1007
-2932
-7551
-3858
-6222
-9084
-9509
-8761
-7829
-1740
-8721
-7851
-4024
-7151
-4043
-2221
-4427
-2176
-858
-3826
-8809
-4594
-2482
-8248
-376
-133
-6927
-8468
-4482
-9776
-2921
-5204
-3578
-3376
-5934
-3378
-7703
-1217
-3126
-4659
-5210
-5978
-5660
-7355
-8780
-6172
-9472
-2915
-2917