10000
-638670
-329687
-56341
120914
-504596
-947539
831998
356088
-336847
-58029
335323
166788
475743
383093
113423
-67279
-16222
-6633
100835
429510
275235
166784
-342292
143240
-722999
857994
815916
-789594
-571490
-98385
-701104
-714073
-331073
197286
989260
807919
-788800
-870673
345146
553234
268906
754619
-764404
361015
196760
575106
421546
-272466
806270
833719
-116634
-37761
-870065
-151812
928265
184978
-128483
822938
919702
-13380
92951
221380
647366
889207
154574
-367983
251295
707583
-36406
-376613
-554636
377328
730235
983163
349842
-727972
-63363
988963
-339575
987210
78647
987815
93806
-287467
454604
690280
-440911
-413248
245873
325136
921496
-435190
-446797
-683753
-98318
-990760
658340
199416
-872030
861195
-515491
300799
-89630
621325
848138
-897367
806515
762337
-684781
-172844
327620
-261019
854965
857041
-448490
-574484
-43662
313087
157592
-792170
-6322
-335017
352265
538687
959001
622832
64711
991445
-611254
908987
947282
-106469
-840758
-670556
171618
720323
379361
-189744
-758315
-257921
891798
-993891
396821
-177194
-588831
-391586
776075
378310
-955384
-350562
-78793
7961
-457648
782228
-323405
-162851
-658422
441454
-534085
564623
117745
-221053
24155
583403
760035
825673
840642
-571810
998836
-348876
-156110
-866135
-569938
-344398
120284
177443
853325
-62198
-26723
390061
-113659
246356
-654814
-618548
-286959
554312
-798546
860833
947457
-286933
-118584
256400
713386
-669921
377915
-511110
-212991
-914407
-389231
191803
649956
-164773
410575
651065
-762768
-828205
222803
-684127
-496152
62010
-295521
48606
313499
360486
573889
741882
437068
-839714
-593888
-46743
188617
969997
720281
263278
-359878
929508
-446351
934204
-402680
-863566
217860
739598
324483
-5461
154045
-720178
-587243
893741
-531994
-852352
134314
-73901
54645
336381
-733079
950793
-135645
902926
-749787
684266
-668548
929543
660089
62287
-647031
23026
350153
-65322
-590724
-567173
-661202
-344586
454427
283827
-12636
48346
-889854
-420178
573654
270185
-970725
-209181
876462
233202
361023
-646011
-525798
-565630
-732074
2265
937625
-422728
-947318
-981895
803896
87290
554625
993700
-555777
600615
677346
-533056
-794107
724228
661144
-176569
-964762
-994317
224029
689055
-524605
376381
462901
-818012
82416
104309
646808
348969
679143
376505
-676841
-28176
-181111
-50521
733850
499502
367318
799545
-926783
572644
435105
-908111
449389
-726703
982375
862281
-50262
-97192
-829456
895810
282400
7349
-481258
-802777
897320
962456
548871
-426025
-106279
-754881
-454305
149265
-664814
758088
-614526
-757929
156727
644219
-688837
-95395
718448
32095
-313864
-93600
-272303
-572665
-520082
-200155
-654145
-467894
827274
-565032
-13836
-138441
659068
296711
-952666
478599
381773
-596686
-651407
-968446
706376
-544757
715880
260586
-911246
-908044
281617
-718780
125972
-122381
-853823
-655403
628436
-684907
-730711
831620
371630
-375186
698877
707175
-874727
-394857
-731447
-591297
336117
511436
-833765
-441313
-73995
838089
-657062
146855
407984
739020
488497
-52495
-306364
-175081
12140
-726169
984275
40797
-537416
162768
-551350
367084
-549203
-755402
415248
482314
-7290
-57294
-316619
-653238
720019
-976358
840586
670953
974463
-631785
178285
-959678
819678
502385
697173
746726
783170
289173
-718795
-499798
-28202
-92943
658329
200937
-192919
836296
708682
866810
-58383
-604950
-762976
877460
-776688
244272
326424
886454
115766
-898169
-596391
146445
714267
821059
619512
71689
679212
-947109
868871
-505516
-108892
-217872
-611369
632554
1979
-762828
-471554
-990118
-432813
952674
605011
-315063
634163
761187
264699
-996655
560840
335837
13429
-550290
451840
-969655
110073
-342834
-733547
662585
53571
-312085
49595
91761
-202152
748172
-883742
-129677
506892
-357578
-781239
391144
746795
-915261
37808
-353764
669559
-554266
-591442
-520483
-853086
347489
220233
-148673
425578
-634523
401685
298704
-79880
-178922
-107901
-60577
-136185
736521
-188957
841145
463861
-892516
-371493
-960255
58953
77314
-930947
152474
-94660
462767
488943
179951
-676037
-608937
-45957
-958217
-712514
-806282
359989
667476
334849
-933450
886594
-252883
-205465
857511
954359
-584717
483458
-382848
219105
571286
140595
-890612
866748
-184825
-64983
-476131
-852788
-659619
582836
-990222
122432
603125
607756
-372785
-266368
-831518
-295480
904475
-144442
518453
-577329
-798217
-874070
-224249
111997
-205616
855025
468691
-147894
801717
-597061
633261
-351958
-764638
79652
-181570
-38412
106852
552794
-608703
510946
434856
963095
-153963
-348127
223989
-100572
-685467
627597
791623
-574499
-544602
475292
424722
568381
-829863
587855
695685
587499
-517429
737618
179440
26285
471666
-849419
926063
167578
-238017
-572945
40571
345195
524089
-333705
65054
-949086
77051
8809
-693180
-334119
114907
358594
3720
904323
-380795
-918898
379388
241672
-858042
-309556
283151
-891441
289874
18788
496669
-670166
-917959
-867521
-843454
-955570
86586
-370765
-157030
-235531
810382
917412
419044
728714
-813419
502578
941920
-610159
736652
-333649
-21603
556635
-681742
43029
-605254
-910371
-223027
-925073
597799
797661
959076
605027
-161875
-653984
-582411
568746
619432
-666223
-495796
829856
238454
228404
615107
389326
683892
-196295
-198688
-737438
-9522
-751215
987788
891692
572516
768825
-796504
-244153
261745
733769
-86189
-947770
922339
-939104
-50579
446629
720233
-427566
-952190
606232
495601
768233
277180
-96414
785697
343860
809155
-942163
-866908
581354
596006
-145847
-332342
533576
997976
-607393
-36844
-991390
-99481
115430
13961
-873031
286728
-639192
-58740
962098
-609583
-246870
-593302
-986997
507618
-250272
598004
-402588
221652
229046
-526935
28840
181131
-706395
45579
-779318
334116
687393
-422035
383926
-767740
116596
395178
-367201
-780587
245070
644839
-538145
772303
184475
294875
245621
687731
572867
-893974
191780
223557
916705
-485285
251254
-737407
-543942
-439071
-985256
450761
300082
-843122
581562
-239226
140532
253220
478538
-52918
-308634
-195470
298460
860386
384523
921444
-707123
747345
139786
-869762
610463
959989
-624511
-17859
-391391
-482138
-979464
930917
-509987
-80117
-375
-910565
736392
-324299
679255
942564
-767215
-561113
482383
437194
-829424
339626
815056
197205
84427
-342298
-872598
-411172
269348
781686
300269
694767
-818174
862300
-971424
447549
-905413
713688
387879
992900
-601440
-582217
617489
-573651
-302356
34949
26688
-532422
-973191
474319
-70182
-859143
571454
-875107
141953
-540407
-239728
84149
-572169
-719879
826346
-379489
-371917
966080
139485
-445135
-492627
-546950
509682
586458
-232510
18979
-261031
-276189
-769194
266313
181126
-48962
-69119
358324
-191027
-51131
30369
582451
137146
30009
516656
978818
-526505
-673139
183401
-42846
-363039
568376
-98604
960994
-865738
841002
-314901
-433645
-755734
340160
940252
249795
-169614
773201
847630
481891
-885707
-376517
-484761
-30895
-438464
-759688
914159
-350388
740708
934003
-455363
217150
-550328
-938411
-398472
-272812
-838362
-271624
508670
806558
-696222
571826
-144767
549848
-838310
-426293
52316
-305209
-505503
-10852
-378470
-656023
-952905
513873
-923996
220491
401724
940334
-716336
-991641
860196
726480
741249
303841
-721421
-918707
-133509
587761
301274
-323164
-774604
-579380
25802
89061
725220
714744
-309870
-451002
362970
-869303
124723
903713
-954244
832932
234649
381509
850430
415225
578556
-361660
256112
-538038
-279905
391370
-659609
-514626
910111
205309
64899
-201489
-496766
844523
394438
958516
922009
764973
434043
62700
-149470
-346138
-872819
-314062
833906
-48642
-889353
-731269
-578949
92434
245876
-79746
329
876366
211773
229331
988088
278458
74917
-165277
-577496
-654742
-52859
872745
735089
164345
-438581
-526913
403963
98500
206828
-721425
824789
-121454
-260748
720758
-28092
738702
-324375
-223198
-896734
-143649
786
-262034
-770034
548172
155636
298731
-864329
128732
-962961
-962912
-264265
458649
-948005
849804
-780379
954251
978849
515090
-61609
-696880
920157
823568
-959921
-808226
-861247
-223157
-176012
-783051
-716420
295407
-853799
-335913
-546728
575099
-711750
354258
587671
-835874
56485
-12323
174915
715277
-389903
397445
-63218
-55191
2819
833991
-876343
253555
-175477
-460264
-390765
-18084
263963
-126737
-346307
620178
-471526
-944932
411223
766847
-361567
152231
255432
-962403
-508201
-54827
-705551
511071
-131691
-532997
-159466
451156
-661408
-68825
812356
-599078
398057
843805
-502720
903330
-724488
935124
398386
-128257
-732178
859282
-209757
968729
465582
222058
351494
17013
113045
-196248
519026
513937
975709
73850
-464536
-401036
-310370
531774
-999601
-327188
704630
91068
943070
-487876
807438
224584
33963
-223411
508070
-450401
-912038
-54025
522134
345362
265839
-812887
-166724
-629608
-902983
-778758
-710206
-775217
845069
-430939
-486638
-990050
-699041
606897
-132622
42977
65143
-340196
-263169
441540
299888
-851532
353831
195192
-467303
-52011
212923
226113
-269459
146131
-991299
-257867
-754679
-701839
-367416
-514274
262582
-544301
433085
252886
-985079
-317899
-434654
899832
-24869
-711011
-883315
-152249
-943184
275271
757570
-53390
820493
-42278
836855
-233835
-59535
368303
-73076
-628795
-98812
-194884
686299
191407
-900628
-985131
32683
-761145
371401
295648
184807
-147404
582186
829459
445798
-252884
403659
785057
-607333
331054
-599065
-401239
734543
709032
325873
-760924
709888
-928590
-738047
606228
-614134
207492
-744407
219067
-155069
-47858
190193
-389952
-222598
564411
463171
-807618
-564264
-481438
286455
628677
-266131
321978
-820401
-719664
-765402
192342
213164
-697403
-192037
811312
-783151
51846
962925
-134497
930401
127355
-492735
-848237
-175952
354200
-844340
-128785
437851
-786499
646379
-593986
337144
828811
-660406
590654
-449829
-640941
-114613
615395
-975139
-846542
314157
53826
-582517
-816081
79393
927916
244021
-332349
-633325
-5729
545294
444865
761821
70720
72164
-471022
-910430
-748487
745746
756561
139163
-708343
-395072
-761851
-75522
-721391
-72197
-474632
93837
-6489
542800
302448
350581
-641606
759200
-793469
-511052
798848
-235991
318530
-455334
387553
-602830
583235
-574364
-644108
-142510
-950421
-940240
408157
429669
-622391
320533
779311
-380948
-33842
336064
-817301
887899
-468435
213913
581433
157491
248265
-389307
816892
694422
-824184
-176328
619636
380169
-77236
152542
377292
-999472
-512014
-567365
549122
-315767
-837761
933792
-882245
727734
351670
-439114
-604163
73154
-281584
790110
745001
970568
763452
725914
-946536
979276
421926
943892
-651769
-612483
993227
629894
-814078
370149
787395
-886808
48816
918019
-275990
766692
-438213
-87329
-215875
880866
127650
-479148
-402821
-408898
-498466
287245
-635964
19045
860816
-946360
-364707
-212466
420050
587306
787722
-944355
-714849
72184
87945
378654
513022
-358552
657512
-795772
687909
505932
410989
482171
-434864
689951
929211
364387
787222
-944717
-291698
-516766
-663587
208859
416738
483573
-291027
487837
382094
-766317
-87252
-440297
182591
-95736
719804
137076
584837
61849
-371054
-108161
267747
271689
319335
732598
-894545
178940
-352383
-640586
-919765
-225644
729893
-118413
585825
361867
-216965
454788
-263992
937587
-546788
-180993
763724
-34836
146022
-785540
-843054
-505691
-832277
694918
-628537
-452791
-787797
-49059
597357
-214635
-404623
841
718146
-350187
120503
130595
230157
-243509
115093
-862493
402029
-772526
845761
-866063
-384253
-653887
-363708
715555
121271
-478968
782865
267951
-468394
-519704
-475730
714527
443153
135243
572407
-527441
-698498
616856
911793
891276
-362542
-437613
24413
506981
413215
783584
314725
-261504
-116505
427982
-3006
-764018
-855198
-621128
844712
-67582
-513098
227024
-170178
369422
-151660
-58183
-750936
-289594
9291
-882781
959219
-465168
-585991
225746
259872
-571576
-695815
-713744
-255703
-110496
-396586
297321
443776
317663
404929
510606
174783
-828
-915244
962741
852150
48576
637219
-423985
534710
409055
-964336
808030
-247493
-127036
-544649
-619559
-434725
-394805
-470989
72366
-110167
24458
-595397
-447604
-461455
-868368
-261944
461737
822298
411809
-122806
718502
602699
-789624
6083
257611
-104054
576355
61589
-41898
-981560
-873054
-508208
967907
985401
723040
-906062
475029
197811
-650619
265105
846146
636974
-183656
541856
-759405
-975740
-829385
-974640
-561227
-520569
-8461
-949480
-260848
689844
-776857
678687
990104
-600305
576048
-978443
-966820
18669
-929122
396235
943669
437300
812557
-638778
746441
578787
872291
63164
683393
-190681
-880
544873
717580
917594
-673434
505836
246047
-790198
523561
879011
-969530
875553
-951455
-144748
-445126
-850124
-587645
779157
705137
-475821
-198055
510409
-493685
708497
476075
-649417
-31209
876432
-120659
123204
715827
-608350
197170
-319511
274735
-352060
-218510
623552
-941542
-966558
-141164
37313
-183176
-591055
-585423
726292
-851889
-860741
-458600
99689
-681996
-316941
712418
148792
-85039
-75486
-734407
-85587
299935
580733
-915881
272671
464242
-364544
-286426
224085
-736348
-764900
-769052
806074
314016
-605807
544514
-311326
806237
-334545
990836
767001
477732
451397
222981
430039
-199243
492332
-950026
-160712
157454
268170
-969985
281118
14529
-176257
330324
-100317
-939886
-310192
501640
-939325
-544657
635346
-565138
411018
773535
3500
623034
-973381
777361
-561508
679472
-325114
-656746
708709
722328
446626
666338
-415532
-4003
93268
-611395
666563
898114
-553257
-821894
-918791
69695
174547
-873097
-872184
651216
-432145
877407
-789643
-783803
-899327
-373830
563627
379375
-91271
-681621
-498597
561523
723373
551879
-715686
127125
722913
501063
87158
952268
-385543
-84616
-463926
-735057
-832812
883313
-381528
6556
152261
679319
-19692
731443
-782348
-16097
174066
-696094
-754544
-215990
396078
-119201
954951
61113
-945969
324449
790088
-475044
-770303
763443
-561761
-564403
-81143
-643732
625051
-538978
-162303
117634
-10573
-981244
-696460
-247112
126467
-340202
691663
-582547
-525906
-619091
931776
298895
-773627
-290373
915580
-492078
-380660
-786530
375885
962189
-568975
64053
-284973
819274
4534
-870177
-322778
920910
809832
558560
994210
882215
-797157
804332
439820
321865
-645590
139078
696797
85778
84121
501067
462207
-627960
595721
915979
11351
-46351
453811
-757863
-65544
524432
-123346
828137
-543749
-612507
978986
-335111
-835256
-389998
369432
91325
-963490
-3431
473211
-540304
-585761
-186774
-905887
546963
167803
611941
407325
-568896
513234
351811
750955
-116626
308777
-889446
-834246
-88910
484014
-54116
-994465
-750215
-56295
-460774
-563603
850275
-499092
521205
-196241
-665974
-549537
-802481
-991299
91038
144834
-897336
-245720
-891029
829011
350493
-401395
551256
-997449
910872
515181
-678689
328160
-356798
338197
482921
566533
57867
-905061
922559
-910478
953947
224020
66004
433517
364371
-416978
-93244
255068
-527047
903671
750545
-39152
-420767
-506717
111480
-150214
741328
-913207
725699
546260
-399749
981602
-867487
340633
-495823
643050
-854404
-933488
-387444
427894
-513099
-585024
-479643
-208120
529155
67415
981875
-679573
-122308
-812929
-956716
695209
-146399
647412
891981
890739
-354353
125918
-18399
366953
39985
280082
545762
-634645
-213929
-151807
423722
-510216
25900
974685
-184565
319975
-638957
147143
-387399
-391665
914979
807482
727241
-410516
-108830
-184736
686847
502243
-467465
519055
33892
-502909
-865310
-672606
41467
50976
-329930
951422
-526326
937584
852751
-214434
-986604
-988809
616729
11033
-253552
-900508
-800255
38977
-563247
-924146
221513
549092
-417758
-328869
34614
497820
287796
-99897
509343
-371309
548227
443739
-976373
-245186
826714
-122887
168983
-701816
-649281
-733171
-854490
133319
947319
474144
255329
-306534
-490441
-187079
456271
-799220
647752
-664781
591661
-718186
-125081
-966651
346608
311882
-88812
-504039
490447
912432
-187627
179894
69404
611502
-311989
45107
744897
-64636
-638778
-289290
105417
-524964
-717911
934173
-276999
-476098
417454
158233
427929
110592
-375780
-884444
900173
-768490
-451951
-54095
-82723
305049
-391916
-105728
-953117
-889449
-95279
-115956
612203
791630
-333251
856311
-711826
-815174
-652700
-380445
621889
902668
946271
-237533
-510551
-785418
922540
-668572
-732635
-376222
201737
-514617
-684617
597648
-150733
51195
72706
844627
458558
-65994
681819
457161
-787175
364370
-520503
-105747
774336
867040
-834281
-478772
422583
-999286
-28731
-382552
973494
478355
-126356
958714
702689
467688
-7831
-645464
-67691
-693969
364058
577184
-682469
427661
50012
-791070
-548953
-796477
-488744
683642
815841
536455
424917
-290172
609267
98439
489075
905533
-583046
603445
-481577
-749176
-542552
239462
-40833
-910597
510642
-673240
345002
730631
123727
-617057
-341756
858480
633152
99082
-362815
563536
511614
845758
146959
914706
-163072
219485
-39388
442272
-147920
187329
18557
750617
654681
-862773
-332786
311448
544929
-550569
399605
965631
978793
527058
-743940
-801233
-677910
992288
57043
270041
-64203
202218
-792949
-70899
-421057
795768
-335318
-475074
-977752
-511042
-960952
-568761
-925861
72104
-738034
794673
96520
990497
344939
-641833
-385216
-714557
911297
956147
-631565
-306827
-404546
405435
-703432
-444874
-380266
-492458
999500
111173
-208776
-1402
904162
-25446
-77823
800324
-540434
506576
-617557
-846475
530837
-417950
-246112
29644
-564118
226783
496187
-433833
-265752
895612
-235880
232884
-136314
48503
60463
563492
132880
774947
-490374
271781
-602230
729758
-320260
-569752
-32991
42407
512836
-835500
777195
-706464
-711104
569590
689497
603369
-29659
662859
-989402
977239
681439
674101
-147240
-814202
-792689
-616229
332270
666456
772209
404199
-774529
813027
166482
-176104
-321517
-132777
356648
-226669
767586
158158
387190
-736785
550351
342635
-952987
-275241
14098
-35241
-506452
471487
838889
-746815
-286377
-796057
960105
-994234
-979519
680565
-122267
829627
-263249
460787
635278
-816342
553595
858033
-35178
622380
529270
281870
-372492
900735
-730615
-221809
58658
367909
-502885
-49148
157825
529081
387800
374342
-870880
-233179
788786
-961939
671746
159125
718460
-546238
-297909
-367058
-839325
152679
292921
-63904
118626
-851765
22402
-34145
387575
758303
-427539
623292
603875
-655697
166167
-520327
663415
-437726
778308
219806
-605438
623906
925468
-395827
623177
-912379
339673
40201
-25668
481644
-553069
-772519
311901
-489946
940821
-90752
-378648
-414493
-193269
-324214
158662
-574220
710943
156177
-807804
-598709
-707112
529284
-961899
833575
309065
419514
359210
-250393
-492518
-341265
-663169
612549
247570
-163802
-382904
906241
740209
-719158
-254073
-218673
780415
804193
-627287
-829484
628917
888261
156614
-930170
360033
-246008
558717
83169
-771330
-896117
981782
80503
402588
308893
617138
-400060
-295677
-662515
-337148
-313881
785721
944289
-973473
974721
-153628
-195521
-971626
77147
133294
773903
702287
-528647
784798
647559
643169
-730977
-911102
-936122
-477766
-932887
-417603
37237
616181
-645998
5284
-795466
-238395
570140
-24458
-304639
904013
-155550
-116277
640749
-138942
253379
811542
4842
-814807
-607227
-929020
166934
852016
-412552
81487
597084
-111510
4401
-534756
-239608
667319
-951393
103830
851417
-440559
-861292
764884
-252663
-432818
-631674
-495131
167630
-216539
-233364
-777234
538672
319026
657783
837593
-446128
201239
-511475
259669
-836802
156839
70743
163920
340044
145414
-691188
589770
-646145
-660640
-892837
776645
926711
-939717
-777395
252704
-152484
957286
466411
248730
933591
-595308
-97360
-134178
-726025
-617756
637690
-103547
911052
896959
-408261
619373
857288
-94078
-619160
-945304
257803
829849
283
135867
244381
-909466
801814
-930362
411194
912256
18541
-384446
22726
-990319
952790
-700185
-519428
-512403
716267
-301284
818276
-431131
-899957
710415
215802
955206
311334
191976
-594402
-775473
-686294
-100379
271358
373379
-566678
-768608
627758
-600208
-236956
-485164
-922220
-823776
21852
-973923
-239851
869983
74680
-157437
618296
-855342
-244155
-667803
-666649
960163
-687891
-281535
383046
-890685
48516
-376566
-875350
-872632
279682
-605714
-316784
-940335
864375
963102
488530
-916500
111425
-331679
833903
754887
-510505
-78795
-373082
-181666
260830
-566184
-513394
-163702
915488
687088
260368
-596649
-606895
519080
-527711
-745451
-859945
-249255
-353974
860889
-938348
-374921
961429
340892
507704
382417
-835074
-555488
480687
786695
-559320
-218660
606296
649199
-416358
206047
31416
106589
492846
-238066
737080
-79862
-561234
517531
-150910
200910
-213827
-290583
-931512
541424
-123667
104756
-480311
-829874
75730
153163
117809
-726903
-971248
-717314
938826
405830
343216
692384
327686
-303668
883806
-47948
949707
352438
-87753
-961203
882230
-325290
969946
986084
-979391
-719146
528261
242913
-63481
-210047
-747214
-813606
-349786
567332
287000
-224057
325529
671426
-649796
-926122
-393487
149623
999802
-328960
514110
866878
556363
-704448
-579409
-32966
132199
595661
807584
-327435
-386688
-641227
34097
-664232
158534
351454
615825
-879068
485707
-87691
197082
-509380
286623
951411
-129897
-840702
-127189
-425598
-404257
-333762
-838962
-27932
729236
185302
821878
-568229
899251
-392681
-903026
-799878
-851640
787347
928585
-923424
-100121
-678182
873112
435702
-507904
-988481
-498758
631400
-169632
21759
707500
237623
-439588
546967
-304203
484235
-768380
-917864
605873
389512
899713
614756
-525107
902878
-82866
73519
705570
-134130
-968492
207732
-57009
397947
703246
-275649
-45352
-749259
964728
129299
386778
-72303
-889825
340532
-715742
846301
634267
-145450
-679950
849138
687570
-258695
-542053
-369069
-467150
-460415
656505
-102149
-654116
-566527
108547
360687
52338
-791563
239275
953658
-613395
-409956
-876707
-218754
23863
175969
136546
432398
-129423
225674
-826558
643857
-696676
-692567
-633376
428779
-113152
-379282
820728
-540605
832980
222792
-405847
228129
699779
913380
431963
-280834
260166
-615789
840223
-556786
435125
-244034
306678
615395
-63649
-760145
643603
-517293
-188092
-504508
105512
-139429
90673
-58715
-566007
218051
-85221
-307598
-589998
-287873
-233128
-9048
505644
-108283
156889
-428686
-895363
788693
-707041
-467803
514604
-308600
494081
36875
-372775
912224
510856
984495
-340229
-962641
589085
-901871
-409510
453428
-34988
31737
639465
394449
-54250
914510
174619
-541065
152654
-475220
297724
-294484
-890734
976777
243777
308981
624555
244725
-947540
564579
280829
-337727
597030
-238178
-111551
-549911
-232723
952194
-179428
-844139
483156
684443
-353837
-995933
-714292
646388
-783980
-91240
-810738
-731844
-104039
945306
511080
-622782
786803
752771
-549405
561095
-113095
-554396
-492042
-201943
-182444
-80840
582113
52952
-996410
852332
-361592
-987332
-889998
-728007
130717
388456
28168
669190
-743800
-972491
721841
-275146
795500
-726265
-523178
-949478
-222614
83926
321380
-371020
-727416
-814799
371484
570915
-525936
249075
881170
-25410
-818261
892438
992691
995199
550558
410548
-887806
-590188
-944182
809343
735213
518861
496777
894224
78880
-809444
770377
-168213
943946
202215
88406
-250743
249476
91742
453767
230671
354850
878209
863112
723341
-674908
-107076
281711
-947579
-840817
361346
-276512
-244032
73998
837096
404003
-726933
595401
620263
-592886
-519317
-879283
-892153
75600
-349152
469156
611805
-732403
159493
894451
849429
-677790
853529
-771559
632638
680222
57083
-588755
914654
364296
-210754
730605
-721075
-643887
-844143
-13282
346881
-327506
989101
437954
-465853
713771
-198300
-962294
304248
553975
-652997
-950108
-848127
-128394
-266840
475397
-687369
-468713
-814527
-507071
258279
861334
351886
-468459
-545667
-64222
-524114
-741049
552103
-80775
-133248
485878
119880
434392
439468
335335
-679877
436204
871447
389485
-655688
187220
613701
-102954
-475681
502407
485178
667139
305401
497930
841731
249002
-132694
992896
842783
-43106
848157
-417588
781583
-905364
420649
-135822
-819819
662659
-632268
12959
-5823
-782580
268091
61300
454602
-918777
622849
-444336
403541
929258
-385305
-576846
-793274
852469
520638
958931
795463
535720
-153918
97914
-531673
351503
615989
-568777
-243852
-686399
-461354
-496067
-385012
-768038
81765
-205136
-905521
777491
262252
3908
636394
-492191
-249996
891059
480143
214205
739450
-947178
176514
390722
-198272
-95208
-406247
-323336
-675184
-735017
-231737
-386066
-512058
-736790
574661
-502643
538254
-769272
354840
312413
-619624
-916648
-615333
842181
-305141
-251987
-496809
110629
-44065
429257
-620369
284611
16159
-904163
-64969
-607492
271655
-539623
772463
-216087
-609591
-185107
9749
-370333
-55112
-260163
853772
935634
638091
-695107
-875047
-192549
814146
-974565
16484
127608
315344
-985295
504826
-356972
145750
-296353
97579
55258
261078
-270761
989452
400526
-739504
643589
315686
-390369
-586467
797940
624319
-874538
60378
-176119
43120
569367
92669
-257143
-681729
-733922
-519519
265651
356565
-514465
-91600
315458
391697
426580
-983003
20730
309208
-40744
69239
754862
-413503
-603910
-94973
-957571
-806300
-409796
399586
490561
-505442
66055
-280440
620928
-88216
-66391
511243
-5778
23457
234748
763011
-624322
938398
230954
-405424
48339
395490
-941501
570994
541568
848897
702824
-843120
165882
-905910
-516827
-99340
964335
-434883
127756
-916227
904531
980798
910593
160955
-918538
926835
542286
710679
-196337
436123
804462
541483
-477661
-697175
373496
-500983
670679
-483936
-398832
-264283
-543668
496914
-513862
278722
971301
514592
-503858
391276
516716
378561
-44968
-164396
542528
-990604
-65503
710846
-751600
345362
-54405
-274116
-182982
367933
-512443
-625267
-394756
821477
-548382
-281369
470872
-889758
-673262
-927333
520403
-709018
190718
-229061
-501533
-236095
790543
-669633
379747
514429
-359694
30226
-62455
-564507
388771
248397
651773
87506
933953
979275
-304155
718547
710475
-830343
166615
-212482
330213
-736110
782685
-244053
-888524
662989
-431578
-873018
-126826
-803535
445812
183710
842855
555584
-646900
2423
-244242
753302
889240
225592
-384646
60214
-436
-261768
653194
-1923
-475476
-47765
-374958
-572237
-448073
-843486
-513284
-175217
663007
410922
375800
-396588
36302
933746
-67330
-630497
-139664
-211049
-439161
-918410
47067
-642661
-326898
-691919
937179
-597094
-728313
122922
-178988
-292019
-641715
453075
821384
-923588
448917
285690
-520689
-635054
-587138
-298585
699833
-437982
-793085
279141
897664
635303
268212
-81645
220481
867636
-265702
-339864
518556
924119
161471
591381
207250
346893
84982
317622
669987
679180
-757197
-191642
50361
-348084
916304
651992
795227
957321
446416
-408428
759532
94835
820724
-745390
-915213
-579411
-948894
-126759
763006
655339
-835366
-377242
997527
772474
-800707
-382358
684383
227514
447701
657211
536389
686376
25117
536507
-140435
-363579
-132060
599409
892625
674672
-781389
-444491
196381
683008
-132519
-611294
-920989
954621
413959
-113424
-569365
-993472
851569
244942
-659112
-950665
-431161
937013
150089
-797385
-735383
313705
-475258
-935022
-891474
-239737
-547625
-357298
-500450
372472
-393267
631777
35557
-794791
742372
81418
-224506
-717959
85619
249840
-516874
-110376
433744
-740496
-867989
-351147
-996423
298024
485961
628047
718964
-22597
-591214
-747737
-870574
265324
-126609
-270145
-752857
-570958
936268
125741
22660
446622
328244
-580901
982726
-920501
69980
-433162
547173
876455
624668
106775
136451
997641
893938
-26156
-996626
-283328
65462
-51526
789782
549034
-790072
-429051
794764
-812539
-376074
-124154
-875310
165477
-25123
493705
-983673
-198999
767346
-589256
343370
-93012
510627
-955569
-270206
651337
953056
344926
-637358
399798
19547
138438
-172038
-880269
-760658
-82738
232437
-808905
103185
416966
-399121
-525734
342259
-410390
436204
692745
-413037
445685
-847900
-990343
-281603
-488576
427728
432360
-860748
938379
-622260
784
933619
-718349
610359
-333004
553088
-104049
-643915
188255
929026
102543
-211679
-905650
-939956
356098
74446
-170921
-61020
194898
-106290
-630161
-779899
763677
348930
391427
-472790
705132
-993326
-942484
356516
-801093
272503
682651
132826
-529618
-457060
572027
-244189
320834
985727
670390
-688651
-919981
686721
815777
-722324
-190536
-204449
759831
-708245
-306975
654196
-150085
-651471
-395871
-83991
-677134
-937241
-80212
-625992
577035
172368
-829095
798072
75899
226920
177794
423457
458773
-703270
-966305
-886519
-968474
590200
-953546
67545
-968700
132048
494751
412821
-51035
319015
-537989
797014
608545
-293910
521842
273591
573734
642499
556797
-719003
557359
827215
-810228
349395
955103
868263
949400
-279810
37950
628996
675834
583100
97108
-139211
323940
75818
410050
-962565
-52956
737757
-67069
-962125
-938835
754450
532744
316332
849228
739899
467861
-601461
-403572
-862511
-318357
841064
158973
162192
636749
-436226
488350
616655
300650
-314806
542029
406570
-51802
-86430
28113
-206071
-704300
-587811
441914
172755
-276174
-868531
-227834
-157716
-41731
-486149
101963
-313811
875507
-126649
186868
-22150
-448677
310058
-448426
217566
-449633
-228682
-593867
994664
881560
339906
-814147
-923650
-72120
-419218
-159968
-96356
464953
-614787
-778037
976336
-630900
842009
-166924
-912544
-829291
-602738
465415
591242
-397792
-709563
-773525
-367102
-422364
51107
-98850
-91216
427655
-518247
688754
299403
616664
773352
358937
-603537
-947259
-873743
593117
-676989
445091
345088
792783
775064
816084
802002
-978141
749965
964317
-847246
14891
-627630
-813033
-290445
-327216
407315
515147
-321884
-767497
823125
-520
-288766
-150656
-497569
491757
546598
819463
163912
900360
-286462
-763507
1309
-502037
906993
-350782
-880816
-358777
-321108
245334
860542
320073
443413
-172465
-2525
950132
244055
-360014
-845094
-926692
-900201
-254889
-161115
957543
897976
-654332
394854
425885
-779699
869728
-939077
588936
729866
56958
-707927
505382
22708
90425
211891
511248
93991
-279207
682237
241193
781281
786519
177826
449384
-796057
720560
127728
-230646
181501
328318
-330188
-416667
-539821
568630
678185
846920
-552405
691304
876496
317264
-37494
179715
-947252
845600
187653
651690
461423
388322
-419561
235185
692301
-271852
251939
-750537
-141905
227654
-185700
-93644
811342
740819
825690
770622
-226873
516245
-710522
911615
146723
-572576
-775246
222667
-298938
383952
66900
257345
358348
798133
613512
-23361
-517573
127237
-223050
-855940
142362
427512
-430876
-290910
976407
261809
-279985
-424263
-747932
553706
666880
741437
837541
940413
-123851
72049
581942
-416501
235550
151068
72537
77996
-997158
-350236
819525
440259
135185
-759108
791671
-742077
-949689
-777835
-807548
112661
697791
717114
165152
719509
-968094
-638428
448067
890933
-683257
-412231
598531
883189
-932805
-762061
822553
384712
-522373
113740
992100
788649
-689539
-660662
859136
189434
-639223
-916433
-754547
993200
-299977
688447
-899977
627516
-721694
-200847
843405
-639899
-702482
-815235
-572635
622458
978727
890903
-691567
-539492
765406
-520615
-304585
874629
568179
-81406
-541117
721996
-399799
-485153
166247
385084
46786
886052
645396
986782
918488
881000
-487186
341558
-221436
-11161
387227
238012
488573
-881529
-881650
734469
907509
-305333
171324
512655
834566
-536401
391378
-912271
8305
-996670
-533008
157308
257736
768866
-731960
769117
-604861
-118782
-282870
-812097
375851
439358
-365359
717074
343411
-216248
-709460
945648
-124116
-668519
-236506
341427
-497432
109985
-978773
-800525
286562
743946
210611
831844
383258
423588
250193
746534
-626180
-803303
-756384
-306699
-167770
-673790
-600982
848307
-985289
654795
809594
872870
912570
-454675
-125840
-554256
8736
-889878
599944
-429469
213149
47424
-243158
-951249
44361
-667875
251612
821187
220138
757118
365182
911999
-537569
-380712
910165
677287
-577783
-117538
911494
796293
-371092
-453312
-105165
758615
287932
754328
970485
-622488
223522
-718
965371
-707896
-113503
-646524
-642753
-668188
639156
-823157
-990010
-536695
160608
511787
-7627
-291332
-329278
-769700
808947
-935911
-912261
620894
19688
317259
-882690
-12997
894791
-338807
432802
-933134
392077
-927159
735027
-66290
357859
248494
140506
-864505
202567
-915383
389338
905125
-596165
647687
618816
-161506
-356438
-296065
-983216
-298850
-318837
397344
840673
587877
-236333
-125353
-42461
693137
-915007
540036
5501
-731585
-127649
-513419
290507
366664
434167
-6975
-360056
536881
857173
670982
-457908
949324
-653517
34550
-907020
473345
853546
881155
-73799
990102
-742782
160493
810174
556833
727051
-623748
435085
242875
339428
658080
630673
690315
-226337
-936924
690428
-704389
61459
-971429
904039
-117907
-421676
-862765
-46591
-580871
-302827
-691135
42857
-448357
-348229
-526476
990924
989296
683995
249724
490533
592954
-404395
-343352
-721204
-211205
-97064
-451241
-206550
195800
571973
-159095
323366
-583381
74250
-905801
-166978
-463289
941452
145147
428758
-263658
672462
-815494
-679148
888145
766129
315177
797846
-847441
411778
-917637
-627580
-22416
-775031
185299
-508794
-29990
-152532
883287
61254
-783628
819332
911646
-293539
-692852
-899225
198777
-898911
495415
500073
256251
-744782
513011
600782
480594
838316
69006
673322
80101
-889376
229948
-183211
-280481
-13308
538149
-914080
-79779
355849
885435
592642
-504271
-521356
-465496
-659738
553397
17843
-403152
-512643
-492033
752152
297570
-726968
-464851
718870
728762
-451597
-246209
645833
489650
797942
757963
-990292
-552855
16155
323675
800451
-835741
-788164
676697
-948640
732367
629547
929501
-1973
8493
698733
497827
430902
260872
-954652
-389055
-945337
562554
-559526
-255396
175269
-689730
138297
110886
-39384
-576198
94018
429511
-988954
307477
141767
576110
-205514
-987442
418059
215760
171153
28522
120393
-383449
-515875
-580794
-518573
-535212
20551
-217946
270325
159393
906909
468418
328491
549157
-263030
-192534
-293581
-109240
104676
582234
-780436
387231
898411
-691158
-948057
129173
298776
449420
532426
341872
-146274
-8036
381644
-747841
-422258
-554713
908529
-407101
-358435
870846
599179
269947
715155
84068
-930159
-552466
-445371
834404
-248893
-4831
-903419
67237
-319006
-734820
-659261
-762532
766801
-309525
467354
-515979
946645
-223390
-8788
-260471
189901
-820111
942191
-354396
-109567
632134
285668
-138606
-6637
778468
-858353
696834
695756
-320265
325163
-838931
-623010
335668
421970
-707235
-929142
-370862
953651
-722599
687443
596419
252121
97911
-431591
-943876
-593290
416324
563258
-715166
-3147
-953661
-761456
809032
-73247
228591
331467
-949364
614437
-742735
-319485
817767
754951
-149014
-202528
224290
521132
-837039
-677672
245933
-139764
-192539
250217
115316
-685768
-954012
767102
544319
-975310
222666
-217866
563163
777493
-956717
-981780
-80517
780296
333016
415119
-284452
-782373
299050
565557
533871
857984
872623
442830
824138
190860
-271224
587922
-391313
315225
3893
709968
6602
233886
759960
816300
-767164
-772847
41304
-111671
-804148
902959
-631805
33591
-855056
-905746
996176
-496393
-602098
-175157
-511687
-832875
-971262
825612
705313
-156954
509314
983346
-786645
-58870
790592
-120766
526179
-504404
114823
507626
-227785
-982861
308736
-239281
-680121
491432
-710384
-324307
432807
-920371
617972
-366629
632286
-381156
-108935
-276124
-32434
938528
-46114
-111674
-33116
403259
-466509
682254
245454
350537
318276
-30819
-885176
892978
-128697
414459
880142
-788480
-939480
-887753
-906998
339566
523377
118650
593941
955873
261195
513913
664788
-827300
892472
945798
-38269
335698
-128947
-619715
-161141
868646
-648126
738325
875964
15249
919380
885288
971418
179025
-174399
471986
-995354
-284095
-440971
-594141
74948
40713
359631
325918
-702590
-849708
-151821
589776
582996
-862285
431166
953300
-847192
528564
-902340
-814532
-328581
642870
-579062
-114752
911097
670511
423927
-405837
-343308
814045
-259270
414622
405702
-126188
175738
-520176
-776401
513027
-247506
238582
-41198
-411263
-75215
889219
-857165
765182
-125059
-737122
-597197
-164118
963765
253356
113360
703001
-206429
-65952
-59534
-893986
413363
781513
65491
672770
-331973
437819
-638913
-100098
-824333
447707
206485
-341568
167639
435978
419652
780485
-694285
805650
357586
272161
336441
670639
-532781
-270131
24978
-169360
365560
588736
-398037
155843
-954067
91363
-902213
-309447
266910
689950
-449417
534002
-86195
-113446
-700435
-903124
282906
-635331
501033
-856596
798640
-998765
102596
-363964
862985
-874977
-773469
-892638
-536121
483747
-791131
-533090
-507802
919749
-661638
-518339
-162510
-116828
-421055
92417
396154
617550
-207253
596734
263657
-102189
437344
-236447
-79341
602273
518881
151051
607179
655617
699327
412405
50556
-897118
727794
-786491
-533804
722888
-648700
-631184
-181052
264483
3707
492507
-745844
487687
67638
455964
-311088
893006
562159
-707659
519144
790219
785649
-753603
-877198
-752571
394252
-794763
366624
-35154
-954693
1978
-2420
-641511
659450
-487365
776630
43183
586006
-556078
532558
739416
-58969
-653520
238751
98433
-331625
-380411
432803
426233
312263
-455466
-28820
-316264
-256110
61849
-664427
-587454
-584273
765309
-23666
-955029
908829
-278033
-620884
660131
-978621
652551
-640896
550831
-777098
-503467
-985070
206253
39077
-774406
-273385
315280
-981890
-951080
164619
-409435
-618410
887118
842995
-902815
-579484
-573568
294663
-339110
154453
-159683
-724513
885414
-75454
-161743
-114018
-205362
784523
675382
-880100
-705196
184079
596906
-813522
743992
233403
201936
-114063
219112
132531
862510
-729949
-514337
-271904
-206613
-315239
-551844
366716
-277726
-343210
488993
-11039
632917
850447
-78553
-329326
-978846
-108015
302881
32706
903684
339347
-234748
108787
600266
244552
337889
925046
-592717
-400192
-470782
48483
-337205
229661
-917839
-207207
-587532
-243383
566122
128847
-980059
-651096
-389618
-481109
710042
590874
53670
-738414
608257
-443882
2677
855932
652560
223330
-475312
-292638
-158455
-674910
678022
-638073
332123
569481
608824
597960
-404529
-702629
13535
747577
-814776
-51248
711539
-620165
-522908
-844994
-274919
54973
-995002
955127
-205082
-731863
-57170
-921292
167883
321686
-348809
648706
478860
-770702
-52776
250591
-368885
984651
-593700
-562398
-510519
24165
-737023
-349336
-161808
55461
-774637
576544
690662
322725
444678
-777455
668007
-180029
867645
-708796
-87350
-366657
-806533
911476
159900
-23718
683957
-917926
-811977
-905780
333562
820021
-25600
991239
515557
834966
956676
125445
512982
-958861
557791
-8462
-564415
838577
621167
-52793
-759447
670343
522597
-417685
460965
403857
-121386
620446
-79522
921500
-17620
-367972
-811817
436779
292528
376471
-424356
57368
129337
-719269
-286509
662675
116877
401612
-641457
90259
-594082
-982388
-219744
644852
-323850
675251
-820668
-907645
528003
287858
-399727
-139692
-172231
411178
837361
-910066
746033
3989
495162
-415988
179308
346863
-245947
-162746
-904731
-305194
364833
-991578
-715990
-636602
-573058
-162389
-779598
-676173
-865750
669540
942904
345350
-23718
-743304
-440527
753833
-132401
-25265
-546020
716140
-163397
686246
776569
785929
-479046
-192078
-726845
605815
-309531
42091
-505033
374454
-731876
-154541
514617
-703079
829498
-120641
379765
335813
-50573
984771
875074
-800288
298598
473933
-605260
-541907
186813
-502519
-914085
-781832
-868295
-984138
-315762
-185284
953132
866539
-53846
679158
-482580
-319479
-441778
-684417
-919372
-276373
-382063
557026
614049
-681298
508809
606179
-555549
738458
599709
-959266
-879430
543444
744258
-405359
-444856
740845
-42523
3354
933924
945973
152607
-92758
911961
-785399
541691
561176
81046
526289
-847713
640067
964315
-946769
561320
804599
462285
105948
-879478
32707
-591337
989657
-498676
-103671
-232691
-478913
-438261
562793
647570
-815728
361947
854116
-777207
811901
-328983
883604
-278913
-652061
590557
-769823
-685561
-955776
-968789
-26529
-727063
632381
-316326
99615
-300382
7881
-762136
-22498
-58461
16394
-677457
858505
-323905
272285
-408280
117122
694531
-948287
-551096
-420766
-929029
-98450
-918527
114994
488146
333249
695995
278309
726751
-175483
-484150
-616595
-49649
-671906
-381786
-529000
-42568
-333383
649985
-627492
-622873
932588
524821
830834
-85704
266977
133612
484908
-30637
-62465
413979
988352
-739584
852288
414694
-447061
-179694
661455
759098
-658338
220541
927601
450862
439706
-754300
-341293
-754514
-701606
107598
884185
-173448
795111
-355196
-960858
965120
-191828
380577
913150
210509
590776
315971
921342
-881767
948523
628550
-941139
901088
-467479
742303
210407
-968903
-645105
290774
932523
-372782
-60254
-804754
274152
163761
-205293
-243405
727280
-906218
-171157
93351
-521523
191231
-625695
525090
817700
-356027
-786170
-268942
274400
348893
-420062
-759476
-967989
-697245
136876
-152808
251265
-305876
402894
-828604
244168
-978698
-538185
580475
959921
-709260
927336
-47698
-477708
48710
-814731
-129448
691248
31234
496525
725958
-230300
-978153
986778
-332646
344849
-233027
-684319
-493581
-807076
705269
411966
-595750
765713
-972927
62252
804645
-265708
711307
-861863
394324
-775527
-1407
-429146
200251
561797
-461953
-63849
174587
112932
780467
-87324
-157695
591472
-43168
-630523
711550
662469
-749858
318618
154924
645329
828462
488815
-936481
-895571
-660751
935236
-949271
-643317
35313
-821250
862822
-196089
479566
-789583
-157703
-293762
937426
-446533
390195
-473057
-706199
489478
-737184
547208
983940
-474336
312550
-142572
-966710
268536
-673924
525359
861242
-816910
-752574
-72511
864593
-566067
964044
699770
-859385
746088
616718
725848
466112
-697458
-432071
-7491
914334
-393234
186130
-617382
878912
210414
225796
-834832
148111
736884
45309
-196505
374640
-614159
616380
-501079
-885246
-626296
-862591
-131923
-544006
-396213
661270
919984
-61403
-780704
760171
-310712
-433389
-448126
-337963
55731
788487
-528763
931101
667213
-804180
60429
-899001
225170
481392
-263963
-451884
464969
-804016
639217
345128
-769583
-283866
485527
888392
978987
-413962
523539
-842761
351654
966325
-855718
-169501
537552
377393
43502
605438
488811
-148441
-151283
-513270
-766491
300967
521437
-406350
-850712
-560116
-90252
13425
-43484
912529
-820298
-242655
-127861
-475999
-471279
934787
201533
-937960
-481002
-37353
-976091
-299553
10728
909039
747730
165965
439733
704669
829249
608426
-239205
-540050
-50248
-893607
-825822
-947164
502118
441343
-648465
-244298
-610155
457870
889873
-325153
-88948
-436563
973725
-396141
950088
314665
727753
-892817
21978
-861852
-626381
-86350
224708
993062
621572
887089
-899063
-332996
226460
809367
528507
-74715
294117
-549191
623946
-217629
-309126
-796915
443644
233574
-564946
-484356
-220874
574420
364022
-895580
-842531
420749
117911
-341910
-918243
-485033
688240
667516
-162148
156888
-322923
585171
-923406
317583
-311441
922508
-779650
-675643
217779
636229
186890
855273
-211905
161058
-240772
-553119
-66781
-364963
145195
-23603
-429375
-179938
307958
-943430
-460999
-815925
-622898
574088
665122
273033
-260450
-28053
-184558
937048
-18886
-888123
134288
953974
434459
-504234
-661118
-269325
310952
309957
946357
319386
-174933
436100
447865
937103
-749769
-888501
889151
830255
-590190
847105
273909
-699051
634925
-848607
123561
-745212
808894
583403
451328
694102
-429743
-940648
750403
698611
-723290
758188
-860575
886723
-402426
152097
141830
-457773
547085
-614448
451659
879020
-700294
-559710
791919
428137
34918
-63256
-949715
133835
-736426
-267134
466093
-133814
354099
172184
438724
755410
-132263
94474
203316
-544461
-231021
109524
-507511
467381
35001
892726
939729
-55740
494519
-147247
-174693
-17039
883835
-370992
-13717
-978254
-92414
-864718
-743271
-99631
-455546
230968
-458352
786545
512593
169992
869274
-383271
-424487
-579455
300396
-553282
202033
-69435
975915
504966
467959
831355
-534591
405251
920782
584653
821043
497015
-652773
281184
-785148
95586
-304987
-204395
-74355
-238410
-712816
-53158
688321
762942
256336
-110758
-176858
-490895
-123500
-806599
-709471
-318919
84259
-365454
126541
-787818
-39880
-881891
-634331
-981092
-732526
-568459
-526405
896269
649139
-324683
-844586
-100617
-991906
451721
188674
-460983
-371381
381353
879997
847348
-100352
-198583
891852
-947046
64668
-552681
509035
-294761
712237
-429046
114155
-980488
208769
-790162
-757946
-417548
-32093
830756
-821316
277508
37956
906826
-631316
309726
606711
-222300
-995896
782437
-742173
599193
-938872
-871666
-801466
-200261
14950
466992
54033
710510
59059
-640054
-473481
581428
-960253
-11707
603534
805388
316680
-27029
967258
-156084
171879
811085
972795
972760
-527307
544496
687983
245557
-458969
-420577
109368
82117
-641613
-139128
-389406
-309630
110626
278815
-231421
300962
322975
-669588
465343
-672814
-3695
740390
78381
-686908
-662840
705038
849845
-46107
181006
-770023
661271
-949485
-834440
966527
796175
88683
-271102
470487
711587
116091
-505304
631096
-508084
-406386
-613954
383053
758949
-25738
-20097
175840
-252112
-526634
27613
28985
136938
779165
419841
474141
-245156
-730502
-342181
-497982
-314987
100793
997820
504100
771019
770599
-319282
790963
300956
209848
209786
26112
-360157
-347523
-645405
454810
234034
568883
693774
881542
-646640
572875
-358471
-611026
-328418
933514
841691
623148
-465061
182557
-681319
-890060
-631473
-241490
-236144
285366
-990997
-929821
776786
-445560
-339121
813558
-28732
-330534
925586
937151
-806450
190641
186582
378472
-742841
-384361
-97024
-36932
-888634
-909931
-578651
769548
218957
-303457
636619
225684
-793593
159806
-557178
982007
38977
-380159
863947
-952669
921800
-117367
324610
872172
-50664
-46151
-208343
163119
-674369
-161605
-8420
3142
256367
-372861
-211329
-501807
-252417
-448060
94360
-975670
-839452
17434
-566727
-452264
564539
220841
-87310
315174
218994
-848647
-571507
630742
241751
-62112
608770
747499
-810390
-800064
439908
449399
503761
-503669
-146181
207373
585463
163750
-976901
514894
-820126
-740547
-392136
323063
-182275
900227
626651
13259
-202734
950079
-323928
-927102
-91969
28508
-805895
676176
-86787
-558111
-644998
318919
-107494
-700901
384696
-74782
551515
-874683
727513
-296390
-121865
196011
538012
-470771
241052
789108
-450905
904489
501776
13302
525979
469453
-535783
-238164
642792
345719
-667154
-878761
-267331
-292474
-240970
-788262
322348
690738
-481510
283021
-229199
70895
-272258
507477
-528871
414499
-510462
851673
-714617
-959629
429015
-443499
80123
-26651
-115810
-997271
189891
251199
411913
333094
681910
171166
-568095
-229513
684936
-792324
784811
321716
-269175
-935454
432718
-915670
-81981
-453150
-447498
9440
-253165
-145261
-499228
-417747
-663934
-346385
-866317
592835
-580915
67995
-255082
68772
-475960
644824
-961541
-702373
821394
-76476
-782128
-66034
646298
-627409
-877270
-127708
336124
-910116
868982
515385
-92376
29220
20354
-399586
755901
692778
168360
-282189
-264044
499617
250460
-628218
-116078
569011
-662257
919627
697033
841230
412474
-354295
720948
-334538
-656911
-672072
-998924
-713186
163667
-661783
735175
659436
-33628
112341
-614266
-815292
803872
-425354
-302716
629141
-520900
-370027
384303
33228
-542161
-928987
319045
762756
677433
58144
-826314
-697654
592000
527139
-722120
-275073
490441
-122683
386513
445394
-247477
199979
222540
-998392
-209802
422081
583714
28541
-156305
133677
13576
79195
-535428
-197812
-247691
965848
-620153
-446458
539177
-384498
-697404
-989979
877999
497316
590797
-168626
-281986
744607
370731
-431728
359629
-890497
-359404
696600
306815
89599
-691141
5018
-679809
479577
-591772
457375
950240
-47150
331611
750641
407610
-648887
156791
-481261
239332
233454
673209
-464623
-884082
-107210
-450793
170884
-756383
-273447
220884
-944286
675939
403530
621581
-251745
812893
-279301
184126
386630
464470
-447436
-314485
-298708
534168
-171916
848983
-109574
136771
498006
390530
976001
-601197
721267
97646
-796683
-309960
853116
208653
-494046
-780814
-794216
-338224
-744679
642673
811871
-278419
960934
-89564
108856
-101589
32619
-541608
-891912
676929
847299
-968025
676546
351229
548421
361692
996482
-721798
-954950
805532
166417
-432323
670219
-954839
183530
-717218
-192799
534028
-467268
337752
698758
686
-749818
-864103
809044
-44064
-589969
26578
-298084
-327347
228537
-793865
498208
450600
350542
887232
543958
-21245
775538
869389
-313925
545046
753241
-137204
431371
147095
10944
259323
647368
268861
237185
-678861
-468973
580859
-542306
986185
402300
677795
-346595
-705148
601287
551791
634333
667959
-8310
139604
-706647
-503897
-386649
312387
-92005
-493734
-221383
-630194
887172
731121
-34140
-534222
-385856
944540
91983
-989358
-524887
-262212
444503
248878
-827189
-251267
510873
421748
999391
-745148
-494846
250016
-381176
16074
-554585
-338455
-305300
-983279
13510
-957393
975657
-970913
-68536
485042
-153819
-836134
-445354
240789
877759
11831
-238034
277505
-693039
-324554
-639081
-789451
337480
-653924
476688
203004
747313
642989
-830641
697846
-729118
-984437
-405598
500861
275908
640866
730548
895465
751074
857091
272508
624364
-663332
-842053
609225
-8920
-722028
-545114
-712201
-828920
-938322
138295
351844
-620299
-177842
905037
382336
422357
444690
-205835
18167
827087
822284
-950423
-299727
-326457
-14845
-862319
857678
974217
333801
-95447
-396862
821573
-761572
596626
342177
709857
735057
200340
389810
-781816
34981
-173451
680323
442964
-375611
-188857
678446
499265
453532
196410
-609925
641354
-679018
-833589
-328505
536952
-976870
-574187
168473
361606
527437
-93136
-759778
419187
397649
856193
790882
-923624
-111274
-280444
-108651
-278957
633029
-324558
609683
-89178
388411
274979
245044
-314422
390758
-148171
-543997
-990968
340029
-724214
-21233
-816795
-189226
320854
-877761
423339
-785680
434593
-432341
-447016
-59021
-94326
-208369
324835
-82204
-556175
855350
-957000
717291
462968
174168
484514
176919
-724108
-346141
731763
798881
968612
-170278
787029
625964
380206
466628
595751
-707391
750317
-551869
216765
167631
757195
678268
-142557
-741166
29856
177823
599956
195589
353657
-610197
-872374
-830555
-55713
-381562
999143
136486
-236062
822511
255508
-13134
35896
633953
181699
431896
-111288
-248127
748387
401687
977326
457546
689519
459305
-892469
494678
457515
306524
-978165
172996
-962525
-696687
34853
780335
718793
-941170
27937
774199
-594953
-425773
642490
319168
-759424
108648
217556
-306302
-657212
-289811
701352
-51480
738953
-738645
593734
-442504
719716
972206
-2654
534696
-404601
545034
-116095
86147
-849014
527495
-375111
3556
463766
-16811
962865
-217166
-956339
677986
257630
198417
-839336
-773918
-490191
-842712
-112790
934817
-160527
-393782
566786
-130223
-30994
941077
-895111
-786458
97131
235074
-3282
494383
-192867
-249708
808903
-105967
489372
278672
375967
98229
855188
823087
971461
-436698
314173
4745
-684477
-991504
715690
125960
375415
-397299
-199314
198926
-399855
-512249
425767
-769363
919238
-733888
703109
-439642
-493394
477766
592453
787600
529186
872336
273252
-894285
936567
488395
-145528
-208396
180177
-937379
210725
-406966
-360737
-673422
470994
475763
170255
-970489
-798061
346015
650702
613681
195358
-330772
283256
-548749
803702
584416
-627798
572477
715394
645099
984906
-226929
12122
-99912
-435942
292582
861042
-30772
-478295
-223384
477339
-647464
880590
-729142
-475935
610504
779603
773372
-993542
-45549
-277088
-909682
53253
243482
-427788
152660
-636801
-821801
-1801
840090
-64078
-629285
95481
-585867
-4102
306811
-211848
-814253
330320
147734
-961031
411840
-416934
429427
-144711
576871
-232700
-316835
-962331
-339724
592555
355547
899561
960323
-205402
744151
409912
291800
-505413
101188
976884
604385
638466
-633419
-494274
-643763
722764
-682634
-346626
-873286
942737
-267503
-516166
-492696
-211216
-35555
899829
-657908
711188
-542762
576025
808902
-950965
-798910
-184262
-89429
584469
-590687
530842
-459146
-868183
-656626
-473705
-603268
785706
-151490
732971
-189908
472347
378733
84309
-439060
721370
-435953
501288
795662
975018
949791
180723
344236
-88976
-520514
-109081
12131
-193108
961505
-635005
-25004
860449
-195699
840703
-547469
-614976
-182882
-231837
323164
785953
916420
917417
-532576
-717269
684569
-640749
-107499
-241145
-160137
645150
-741881
-996589
-735359
397551
-584618
-869472
173978
-821870
861049
711438
-580477
541493
514186
581762
-336315
314334
812427
-310960
493973
216074
110523
-541077
-572927
-138827
762791
715885
-532907
783837
-851233
820439
651213
-709686
993210
83872
-931284
-253890
306219
-418644
984500
639459
-8444
-22456
108463
448216
358337
-530559
-670059
-270772
-397210
804553
-133802
-911
-597430
-362871
616725
-466703
-29784
-559763
-88817
408772
419422
-686936
-879649
638521
-158806
550111
-868064
-601957
-404496
679365
-132453
135047
-27661
-347979
-471075
222861
-53031
470148
-482264
-682678
83413
-517008
159129
-263850
-815912
867037
213976
-564815
872069
-698432
-100380
-52898
-447056
764624
-980210
491894
192129
226654
-883659
-453746
-546266
385302
122304
76776
190735
55446
-373616
-646048
217920
728631
771105
862664
30288
-902336
-815764
456084
-714936
-596719
778303
-538085
-399591
797512
-255836
-169240
128198
-223692
117823
61345
-651392
208228
-448283
-319097
-294150
498205
-737423
49103
872985
-809604
-452070
-200728
100032
383121
709671
337713
671770
917284
341461
-513403
-32719
637994
-322693
-623594
-725006
621037
965298
877864
-816914
-394939
332532
-207963
51765
-397332
588713
830787
170969
-756664
215798
24357
555144
88293
616243
896967
-748463
-508437
974555
453698
-858493
-917105
243623
-768778
-452153
881203
187071
-229202
631270
-466395
-300820
752100
-126978
492311
225344
-357039
-721819
262538
262193
-554327
469891
-345031
927225
-488663
674336
-218528
-72135
-297753
315123
-218873
-551255
-756087
-886302
-698019
51357
292454
468544
190245
403746
-715938
323753
587223
452771
-784288
439201
399762
765489
845503
979005
176688
-268968
-610468
-131705
-631410
437061
-487038
-266410
701609
-982001
-555891
-503894
605277
564969
-109075
-948644
886636
934895
-283802
585591
470641
-349915
843171
443129
170220
-159347
-182849
-461788
161540
-423954
58496
272591
-564862
137841
-161397
641315
-496645
668802
-677583
-657341
-712660
-151964
-560983
-480931
-754866
-573501
-892151
-195888
694855
-467918
148175
621836
57947
39479
-903286
-337465
-686456
-357720
-808553
-686752
-545628
794824
-481050
-912119
964958
646879
16948
747893
-554650
-201483
-867703
322088
-61740
171268
148946
178016
-956808
-210552
-885698
-210592
-246540
817612
989356
-247491
539283
-530255
978044
-19438
309715
130187
208756
714472
431400
387548
779344
486189
904017
464362
20760
741656
-840087
-810021
-596006
-783880
735230
-723838
-184064
-675718
247154
612599
913882
-685424
272357
945878
-719888
220904
-267367
515841
920664
-705592
499002
-603294
356816
683585
-928278
862652
-888271
-882446
41462
672980
622608
484546
-541667
-980726
825976
437204
281610
-60844
462983
660080
814009
-856154
639313
-782844
-921184
-851705
-844250
494489
217761
-25141
-694047
-925777
969453
839948
-889104
973955
940658
513053
431881
277338
-934073
-122444
-918075
143777
-160070
-893106
-309787
-111018
141205
499661
-843063
133369
-726135
-281110
-728874
-363232
-637124
190065
-516966
-581766
422438
915158
738328
130911
489983
-913980
873722
382995
-590423
-999964
-510784
390270
401301
730416
-815374
-56654
204118
781006
894901
767714
-330728
447400
503059
-915921
612123
408541
-389691
376434
202582
-825374
449813
-206993
-846367
263042
216539
183348
56873
-577257
-633435
625723
853402
-267110
339980
638288
484647
837456
-395458
-281914
-540285
701904
101590
-908744
-32351
-794866
361279
-84726
988006
-279630
-390839
-501274
208339
-846278
-680674
-525165
488542
377932
-337003
807658
-53141
-348170
-915558
778863
850278
402921
13018
557885
-779936
232413
353591
-111420
-147895
206995
-417240
-295761
862083
-596113
-798905
563181
48708
745947
625470
212331
-620765
356830
-315319
193717
-790933
75475
-879043
338271
266884
-414079
723781
168840
330593
365077
756846
-227192
84330
365742
273386
401658
-554647
527267
-368992
271616
63197
-232418
-361505
877198
-465653
438742
-712242
538044
255085
872252
558680
233764
793156
974375
-981593
14564
-541945
-980208
388969
266633
955837
85494
-552702
-666143
386782
739355
-695385
451077
-560803
14605
-571679
-82412
-309090
157917
-924059
-890937
81420
-5461
549475
-687042
892326
326729
204601
-769663
639608
-604934
-708838
899722
311510
389716
-865803
-255724
-495422
-524135
247228
426910
76082
950987
178475
694829
959785
-503546
-315817
759938
609182
952227
176518
738875
977236
118343
277590
72987
607131
-770113
-301355
397922
-985769
-858498
415312
461186
912172
549777
-553652
-241277
739509
259558
-66581
191488
-479160
-162810
314558
620244
-479840
-818839
-341360
-894683
770382
-440882
-572487
835557
-241777
-186154
-9861
-568814
-978369
-721233
302311
-320168
-453324
868826
217504
-123882
973607
933152
-483029
-930228
693345
821913
31393
739815
841604
57132
235677
-58289
-477148
903915
-406256
145029
609697
31026
-337108
181816
97049
817928
-672006
76776
-381326
-198829
-576812
596775
-458719
268314
-670200
915048
-543450
970254
359328
-204174
260460
853238
993468
203995
950803
62532
107364
-333075
-334033
113005
-266094
876029
512126
931002
-991160
-735925
-171058
-350305
729797
389057
193834
-883418
864356
-799146
-336733
517297
-582468
-969206
-102182
296233
966787
989529
603479
930561
-797110
938838
701117
380074
456025
-41981
640259
697080
23644
-174926
500807
-831911
900028
594083
-251571
-376471
169652
-34732
-186576
-914285
532967
805731
38877
-380957
-982208
-524471
265597
813979
-890546
-255881
-859433
3649
-439358
858117
-229001
859372
-341584
-946148
611150
416395
-364438
912524
1327
-886004
-748605
-606836
-703377
857789
-938689
442213
547127
719311
592974
982256
57726
749356
-846282
328438
846223
450740
580422
-625909
-492277
23045
-591328
124742
-669644
103921
4372
-179817
841309
-313686
271445
-403917
491862
-974824
-148809
412395
-82006
486133
608864
-588914
-774754
676920
-433016
858319
120551
93958
-912457
-949032
-286085
-371879
211630
389496
-17067
331720
-878905
-305233
-595447
161402
941288
100415
253939
-940220
-209794
-508571
-54018
585959
3894
102879
-811177
74873
-431251
-136901
859160
-233789
670076
271863
-97687
-122081
-421718
-316833
-424844
-714695
-400328
870475
359795
-994952
-914017
295879
415335
453567
-167709
237768
841169
-384119
702309
562397
9670
278852
-831383
69332
-329753
232462
-584078
-678139
361216
-510991
-201124
989137
-459651
-204532
159207
-504341
731263
804246
448374
425502
700818
647689
-502354
281699
929642
501845
911167
-961813
-389784
-146469
-377901
-889999
-283550
477847
-902602
855568
-272566
367925
94090
-865912
656920
-533427
296596
770708
973126
49554
-549164
-785244
-320456
280821
-969122
-146058
419798
-467761
761412
970354
-48990
-984615
178552
446149
-663646
22487
-841621
-600084
418638
808649
968043
-937474
465960
786803
828097
372331
826003
-604830
580047
434194
105893
-235765
521742
748168
-431354
108861
-44946
781228
-775033
245989
842696
111457
-631338
999172
-415860
-43951
-903100
101332
-933764
-22312
-952828
200820
343324
-219889
-846139
828071
1486
500528
-445752
4536
-964793
465929
68566
-168393
242483
610801
204155
-716684
38256
-219487
-642565
142052
-547427
-114102
397408
-530132
953266
308114
550764
-911260
355135
-916926
-348484
828544
-690608
-581918
620995
168998
432429
238458
-382897
-242629
-258881
115738
-419684
454440
664907
301299
791364
-541073
175310
-617668
177639
-349463
-826675
326707
-119520
-315377
92824
329101
-995800
-861986
288858
327211
604051
597939
-81955
-986510
-976264
828342
-816035
-67703
129921
-362342
666281
-978447
-670858
-241204
-184686
-499476
91692
164376
-556083
-192991
717843
129310
838143
-917145
-17920
999542
86382
892236
-856389
291807
-207660
-435977
528148
-901841
-748467
34300
-290763
-705077
-541690
-224790
958891
-289686
-853599
-463515
99115
-483452
-466123
-406549
444341
425285
854206
-8268
-586583
-613643
-689701
784916
-287002
51340
530261
-454649
-284653
-23266
398722
204140
901155
-877373
-767420
-826527
187355
-620726
702606
-8273
-722614
344653
550345
-191388
909247
416227
450509
713026
-761147
-675515
-856915
-296574
686480
207552
-470999
-956538
-660437
516887
47718
-348906
-781550
905348
-760048
-28944
-667611
-660082
441305
921661
423933
699584
725786
-93840
176367
537517
300058
-179402
-648140
-784259
361647
283904
330486
-441169
873041
738524
522039
344039
206172
-260524
653593
770367
-86723
-767833
-148633
442499
134065
390912
4169
-545912
-815595
667849
598808
-550318
621548
-849232
356998
716583
649369
-45703
141438
-537955
-950808
-288681
-159889
-496540
171437
-410791
432498
849696
85997
288900
5707
433631
758849
18829
482778
157558
-289341
-510343
914120
697848
801512
-943820
-892733
818217
513030
-607916
-470614
-212942
468250
-968691
119545
-759208
-525973
-267506
529752
604712
666651
56617
182460
-457281
-588498
308317
-835037
-707827
-996963
-781780
56425
-154257
878428
-114751
13274
-412601
686794
626053
-387371
-619812
-443319
-627872
221624
456045
761235
125316
754028
714900
-486307
353524
848108
682926
646873
-469047
319077
-350349
-365704
162910
-649307
564674
-292857
871986
-866987
-489789
493584
474694
246365
548986
-515485
-693643
5377
-673382
-724704
-782831
-202198
644619
611952
-451554
-539030
-603794
-959524
603056
-306699
583472
-118753
-910934
-916946
-984849
-673038
-794410
642224
101690
12966
-216472
-781714
-241025
-681940
772
-784350
-812682
-366199
321152
803510
-400548
-644692
955728
279725
-112834
-458952
394333
-801657
667069
-659578
235607
602970
574769
32820
738640
-868552
838437
763562
598774
982380
-762428
25676
-586170
-360692
899986
563706
-742233
924611
-803448
329325
315429
-79576
-418950
-35324
129111
845394
-209305
-411147
392793
-349564
49388
933007
858507
-169570
275186
155848
332018
-277103
458342
498458
187215
-643795
719110
-674949
884019
76673
703576
-58290
64801
231633
301231
-210588
-747206
769685
402633
556449
-443634
-810251
-604601
526176
479963
146429
-882601
334866
-524671
378551
415463
539597
-259417
-524185
-1253
257903
-879185
-188844
933857
347122
-940543
925597
125186
361901
53386
447041
980123
601877
-522576
-717065
-49740
277613
592378
-959856
910703
897037
-644240
843938
165859
412062
552502
256838
-979173
985051
-648963
-265469
-718786
-278799
-293651
-569151
-717525
-171374
-385850
61047
-780733
410314
482397
-887732
524151
518765
779056
-880252
496885
-916940
892575
-870326
-302493
-529723
780286
-973440
-857314
993622
387922
-328870
344121
-597466
602518
-582247
-657246
-8947
-932640
831800
943355
-302797
-109514
983982
-947752
-353572
-54968
419094
-12789
-758095
-592578
701009
-729791
487263
827768
382625
-989623
-285970
-935797
-348343
215499
348576
-585639
-187428
420867
-103353
396503
-276987
6052
-684748
-72848
575915
720575
321274
931307
568883
-866094
-706158
-738061
539527
541737
605536
-76753
-492853
33010
976007
-711423
-725499
83922
446963
-261615
486395
-49692
545081
812002
658408
603332
936847
638895
686196
-706496
-472609
-604211
-163759
671863
459431
68612
-305289
-185174
736747
346258
771322
-91091
194717
737545
149367
834190
625827
392556
-433489
-647432
974415
904387
-598224
547216
-580153
764473
60915
810717
-774627
435725
-186625
480036
-361259
-744995
-674786
174365
-275292
520035
552724
-866565
907867
454288
-557238
494473
-537197
668513
-421505
848872
859320
-400226
766943
-944378
-662188
-486855
-667890
-687429
-450063
187618
762758
-137432
-331060
-893340
-162537
699387
976508
11254
345027
-769739
578274
814022
478392
-340355
-301076
239343
60731
231830
-682234
-518967
-743338
318344
547216
225687
-612609
967455
-294322
-311503
140709
-562395
-673900
790560
-218716
912596
-534603
-799270
319566
-254528
-746221
300478
277212
-970181
666020
-650607
-104616
-232626
469572
-209479
-587836
591987
170992
846683
968763
-214673
912396
-19422
97738
884432
317893
266282
-206761
-465782
27811
922527
-750034
915521
-139827
447962
661743
491550
25360
426099
-522821
440434
308448
-546251
623041
-268623
111132
-763207
-742366
818479
-484135
554350
53961
-284071
-475719
979971
108270
809107
388676
459846
770936
276025
735858
399764
-962690
21307
-379261
-697026
505753
-194948
-416591
78823
-274201
698591
-156880
336109
-581904
-599460
-55174
-831617
-632704
229067
467714
810515
735986
-314774
395746
-320523
-162847
591821
-151542
116365
-940563
391720
936737
-279234
-604760
-498583
-995805
-368801
662879
-120424
-148356
968837
244421
303302
702501
-803324
-805792
-550937
-481567
773850
-208018
475980
-167686
723166
-131147
-334120
673256
708885
-766569
-173
511398
-483608
-242978
875134
-37003
156719
862185
-323719
-869643
158594
-710499
-457481
921853
-448071
-964200
-613435
-479888
-872122
740025
-286602
874231
123897
-605220
-294002
-530241
-85024
-510032
981399
983789
-660292
424919
494576
715266
846326
996226
219005
-196595
-142563
364030
-759017
-73505
673090
-813694
-296399
469314
-697435
762234
-248598
-941996
405206
270374
-518454
-634410
437224
660605
916916
457030
831249
-581258
-513146
-94609
-491916
843569
-939013
169519
185731
684697
181109
-418431
-868494
-614720
946322
961283
-309092
-993463
548051
636857
-659623
-557962
-342346
-260790
-111485
-393848
-778951
-365212
-563119
611402
691724
-849261
992566
-578989
795711
-436606
129334
430006
-565804
-836547
783626
802489
670332
956944
-469996
-510697
479720
-852776
-676857
-835436
-427314
-387346
698795
-650070
367309
768602
-891378
-336277
767448
-215373
-381362
-437387
948073
-390900
-342109
-882825
940203
-948401
926486
-354015
-23961
-747669
-632233
-792171
-435688
868689
413999
925445
-174210
293525
776512
-649402
324526
698580
449750
677682
-511470
600856
373903
267686
640773
445336
-893699
559188
-698293
932494
116868
877364
-673115
481658
-69395
-884772
163377
714066
862491
550565
315310
201407
-720547
355979
453027
-955880
766815
-969440
-628216
919857
-250423
925987
706643
-585618
346125
278046
-248407
86981
589830
-6843
251248
236636
242682
-280397
953355
-941978
-849970
490988
938811
-613762
-628386
-823311
252723
213507
-255736
734591
-425369
770331
-733137
-152996
515144
438401
175888
-499258
91498
230724
534441
30787
-101941
-555136
182044
-322494
150605
-830351
208973
449619
-718315
-965390
-602747
-578773
-960014
704441
-271326
-786214
-450394
-280779
-382811
-269301
-728002
-726667
-774810
13849
-129321
-498942
-345335
612479
815602
-884745
117536
184323
246744
861937
-462520
271058
-385463
-352520
-26689
-462184
147232
436242
245328
-520175
-715407
174315
-62885
-817366
103581
-460163
-243476
-235963
-243346
649188
948685
842841
-156839
-315132
454510
-372884
476429
-115712
-962189
-449074
979725
-44229
-666561
-149521
224311
130061
967246
500372
137726
-195938
453151
-847514
-713310
648702
891344
-598083
124164
-308570
760102
-433449
-489243
-88575
702970
472954
-583446
103550
649856
-962164
-362461
333364
957174
440771
3086
-935799
69636
140066
-735931
-780059
728800
-228198
713738
-437747
-347682
620274
-203387
-991833
414637
-614943
-798004
-675610
380964
561586
932164
300962
652156
-434698
588866
599383
-206334
139303
-992928
627605
41908
-161943
-48101
-714625
718394
-124639
186310
343824
345191
-720820
-26542
512820
-730447
987507
654524
-928391
-476778
776244
-550107
555394
-514855
-484814
-261769
-337551
997677
350607
-764926
-21984
438587
-377817
346428
699678
-606530
727007
-3633
127180
53603
191186
538633
-845921
-393126
-872975
858794
239676
848834
-822981
463616
-865394
515134
966301
901709
466035
835912
-425251
-566242
-516470
-614399
-971879
-905497
-398543
-878675
960546
68076
-785815
237513
792039
643975
-330902
-606920
-28257
-303844
568789
837112
314473
827897
-756068
-855516
944619
-968405
418415
40850
196095
-837186
27063
-300649
-738242
284138
366354
-861920
-623022
-442852
-784995
534477
-696298
-138062
653438
48676
-196487
215323
705539
-25478
-78479
255821
314596
796766
191020
-50415
786140
-631286
124427
991742
-229049
251116
-945760
-940013
886609
649680
762349
-403707
225408
-885174
-706290
-219000
255620
-830451
235899
-696265
448970
-316075
918908
-387548
-194352
600814
-758692
976283
-216212
715866
256424
462650
37694
98039
246513
-573230
889925
-713872
858287
-50956
253082
541931
80756
669740
-625189
-691405
-165283
-732346
-320828
333895
105250
96213
647141
980721
401497
429621
-101499
-765475
-895805
-118835
95293
374417
961554
-463421
-7850
-748926
-795411
-735466
-62488
41352
948896
-853738
-728604
-403492
212730
838685
893804
262682
-338222
-787887
-322920
-864044
659891
641991
200449
198368
483548
731917
-295067
-538554
-846559
994224
337490
-526908
548019
-461143
-478091
667133
-401453
702307
25819
-792372
11180
581921
261064
-168898
117581
-561018
-930791
-135423
575659
446890
611385
-591781
821250
-172404
318643
-454770
-942123
37732
-206818
-351848
-496587
-901880
-598966
709220
271479
-987866
-878620
547144
-404074
462555
649814
482209
-146879
131819
-676733
520316
-745958
530703
768763
-177193
-647982
-822603
-855534
520405
759260
438219
-399235
503397
736964
221308
552959
-654354
-703992
-930585
962836
462981
-344034
-651388
186554
-763368
218373
463627
-384450
-165795
943724
-774492
-77225
-202723
237682
-432614
316565
34184
270974
363720
433125
237871
-262981
-193249
-305648
575538
-325225
569728
283106
-432778
-604413
940905
-712245
728005
-337552
-999593
828732
-250797
25430
217603
-247397
905568
-516288
-495469
-383457
-942837
116868
-66316
-354097
777007
-501104
502889
-329492
96047
196630
405578
-205860
685396
417611
-337271
-815838
773301
-502255
274172
604627
-48742
-258717
968578
-350592
329191
-814343
78767
970991
-225059
206826
-558433
20736
-275838
292193
-31239
-645042
26467
267082
-810667
-738708
-653090
485356
373978
357115
27037
536417
318532
782838
388382
253167
911793
767416
-951890
-733652
-112602
286741
-891067
-27571
-256743
26608
935366
-8169
-299954
740634
693162
-552599
395723
-120600
157736
103178
180583
909628
929395
466280
832806
-560422
-608871
-67095
303148
583295
-2026
-380023
850995
870723
181367
-526327
-196593
753264
-502878
-580330
459481
879248
20780
627319
713028
675885
-376014
215915
-605482
-459838
-154528
-40473
-237082
-66711
-960029
932316
-741389
-859045
125458
-916239
-196091
-405087
891726
509849
-21844
175259
-622969
-475895
-515353
587900
301569
-759840
-601177
823001
-967747
-438535
-201831
527593
-764366
-456157
-311713
29281
-21730
-836362
-618246
-640143
-636101
199641
-557751
-275954
985137
-983251
826318
365335
-384658
-803357
426806
259819
727994
190189
-496629
-804741
189073
-9109
937822
-493719
331041
-726128
-103075
-507043
-975808
200923
-550454
-57940
931447
-511983
745375
-629108
-766856
59181
-734506
501381
-343665
-7687
974268
273948
-753145
-509626
121419
843579
484319
-837026
456661
461450
789808
990573
760677
929750
526005
-99784
-670728
-303569
-679079
-509867
-917727
172681
-688472
159090
854253
-777176
-459831
549829
337783
904511
570068
-581350
720110
255931
-270089
-588508
905322
-710919
837929
170139
598274
-207575
748731
-244664
-518158
657005
-803310
-130538
-116683
374916
268120
480961
-700741
503316
859364
-89551
-915686
-172941
-405884
-98508
856223
115276
-369145
495805
-819440
-102909
391461
220740
-860974
-540698
651277
-804546
532255
-949788
362605
-43056
909234
483492
-669482
2003
-691074
-638556
-565793
-244249
143481
-557543
319075
-769829
-141487
160739
468111
-205687
273221
18840
-792341
653246
571696
-736306
434299
360400
-771225
59414
-565494
619819
13664
-202419
71060
-470390
830757
-331916
-647723
-937500
282146
-498664
537611
172089
-868789
248912
100570
-489257
327605
64719
191551
-234559
265971
-322734
-158246
-222297
350430
-631926
-136110
636491
886561
526936
-441365
458858
16110
500655
474841
722151
645996
982415
395891
231328
728714
691056
-985885
-781980
-929071
-590577
-611386
-151690
751473
-746541
-695725
-301512
263261
-157405
919042
451330
-35282
-707631
-13789
679286
-601839
853153
-398164
-893557
-311288
-240364
-4560
499532
-477896
569502
-715966
319682
-702945
55532
533740
-896541
-603256
856578
-882275
751706
414278
846457
-867816
235870
285783
-558178
493440
-641257
368447
-826912
-196929
499036
708798
-692873
532558
-474287
-805354
-595819
521218
504929
202247
-409310
-395286
507297
875249
96199
518122
-865156
-331024
-443483
940098
365271
-445763
-313484
812992
-518650
925462
465778
-215402
151722
426140
8733
960240
-731801
330324
398703
23774
176645
795869
-443394
-732737
-979071
394707
479631
-646684
197620
288936
-150352
416256
-775949
-400121
-525906
-501089
847150
-438551
451040
-117980
7088
-766558
-188682
783934
-801017
58622
-137385
999469
-513295
867605
249333
632952
236707
117587
-617972
620203
447606
-864304
-687009
603970
485719
433738
676404
-353627
-76167
598656
626866
994627
-937666
-482091
-929048
-981822
-853317
785949
-87188
86305
-555568
157592
-519645
317518
405362
360681
277294
-517914
-299774
31534
587579
-953571
314403
437599
-175596
132797
-27084
-703059
-147585
-740899
162949
887853
479041
821598
-581093
-859288
-787589
577354
-39435
531658
878408
-930366
460884
624606
-252787
-417537
-47541
-351173
-971135
795273
-301347
-935219
-690262
-772081
13445
-895704
986745
-669970
664966
-731233
-52291
-177259
896216
527524
-212654
360429
-57366
744690
633557
227162
727943
-88077
-613325
331467
-741548
346412
-137006
-748795
-634123
815279
562239
-708034
-269747
-82919
819164
-567253
-821933
-634113
641852
752680
-74503
597602
531844
620312
-234176
-391259
-220101
-799832
867774
432693
176331
882726
898732
829192
786060
169396
-683400
774221
226930
-43194
-268152
-465618
-604002
243482
862546
865894
88644
657002
51062
177411
861301
274082
439209
691422
786700
809217
-360838
183227
-401580
794087
-594058
-346670
408875
-613175
953839
643304
-461934
-832775
-206877
790766
-341180
-887802
757442
662536
-247913
348340
-429020
103140
388888
963735
42942
-235097
-541609
354948
-996144
-34777
213054
-413730
185472
777040
-577729
49865
778599
-927994
303262
660708
622810
-26304
910706
204514
372869
-13177
-656252
198634
-606057
691061
892186
-335675
774090
-265446
338389
-973112
642472
-530215
227143
504877
-576373
-242390
343572
267044
225968
-564185
-471458
582715
-928726
531130
709898
304672
657830
204495
655997
-603215
-365092
-568358
433990
-182357
908272
-92453
795175
-270406
997810
-969099
504383
678103
-648870
-921419
-517772
722602
709005
848777
806422
565814
-461286
-806801
866727
809067
894597
-90473
923968
955177
-625176
277927
219339
-372844
-36581
191873