100
2477
-7851
-1217
4007
1846
-8761
-133
3113
5031
1360
-3126
-8721
-9084
6034
-3376
-376
3748
7648
5632
-8468
-4659
8303
-2776
-4043
-3578
7132
-2917
-2076
6751
-4594
8425
-6172
-9509
227
-7544
-8809
7791
2748
4633
6700
-2932
-8912
-5210
-8899
-7703
-7355
8344
8014
-3378
7002
-5934
-858
-5660
6359
-1107
-5204
-2482
4104
-5978
-3858
-2221
-4024
-4427
2851
5754
7963
9012
-7829
3244
2015
-3744
4817
-6927
-2176
-1740
-7551
1325
8692
3178
1241
6713
2569
-2921
4770
-8248
-1007
-8780
4685
7184
4476
1873
6911
-6222
-3826
-4482
-2915
-7151
-9472
-9776
8714